
ANN model:
active function: [[1, 0], [1, 1], [1, 0], [0, 0], [1, 1]]
connection:  [array([0, 1, 0, 1, 0, 0, 1, 1, 0, 0, 1, 1, 0, 1, 1, 0]), array([1, 0, 0, 1, 0, 0, 1, 1, 1, 1, 0, 0, 1, 0, 0, 0]), array([1, 0, 1, 0, 1, 0, 0, 1, 0, 1, 1, 1, 0, 0, 0, 1]), array([0, 0, 0, 0, 0, 1, 1, 1, 1, 1, 1, 0, 0, 1, 1, 1]), array([1, 0, 0, 0, 1, 0, 1, 0, 1, 1, 0, 1, 1, 1, 1, 0])]
fitness:  0.20488021
model_save_path:  ./train_model/child4/model
model_traing_process_path:  ./log/child4/model
#########################################################################ANN model:
active function: [[1, 0], [1, 1], [1, 0], [0, 0], [1, 1]]
connection:  [array([0, 1, 0, 1, 0, 0, 1, 1, 0, 0, 1, 1, 0, 1, 1, 0]), array([1, 0, 0, 1, 0, 0, 1, 1, 1, 1, 0, 0, 1, 0, 0, 0]), array([1, 0, 1, 0, 1, 0, 0, 1, 0, 1, 1, 1, 0, 0, 0, 1]), array([0, 0, 0, 0, 0, 1, 1, 1, 1, 1, 1, 0, 0, 1, 1, 1]), array([1, 0, 0, 0, 1, 0, 1, 0, 1, 1, 0, 1, 1, 1, 1, 0])]
fitness:  0.20488021
model_save_path:  ./train_model/child4/model
model_traing_process_path:  ./log/child4/model
#########################################################################ANN model:
active function: [[1, 0], [1, 1], [1, 0], [0, 0], [1, 1]]
connection:  [array([0, 1, 0, 1, 0, 0, 1, 1, 0, 0, 1, 1, 0, 1, 1, 0]), array([1, 0, 0, 1, 0, 0, 1, 1, 1, 1, 0, 0, 1, 0, 0, 0]), array([1, 0, 1, 0, 1, 0, 0, 1, 0, 1, 1, 1, 0, 0, 0, 1]), array([0, 0, 0, 0, 0, 1, 1, 1, 1, 1, 1, 0, 0, 1, 1, 1]), array([1, 0, 0, 0, 1, 0, 1, 0, 1, 1, 0, 1, 1, 1, 1, 0])]
fitness:  0.20488021
model_save_path:  ./train_model/child4/model
model_traing_process_path:  ./log/child4/model
#########################################################################ANN model:
active function: [[1, 0], [1, 1], [1, 0], [0, 0], [1, 1]]
connection:  [array([0, 1, 0, 1, 0, 0, 1, 1, 0, 0, 1, 1, 0, 1, 1, 0]), array([1, 0, 0, 1, 0, 0, 1, 1, 1, 1, 0, 0, 1, 0, 0, 0]), array([1, 0, 1, 0, 1, 0, 0, 1, 0, 1, 1, 1, 0, 0, 0, 1]), array([0, 0, 0, 0, 0, 1, 1, 1, 1, 1, 1, 0, 0, 1, 1, 1]), array([1, 0, 0, 0, 1, 0, 1, 0, 1, 1, 0, 1, 1, 1, 1, 0])]
fitness:  0.20488021
model_save_path:  ./train_model/child4/model
model_traing_process_path:  ./log/child4/model
#########################################################################ANN model:
active function: [[1, 0], [1, 1], [1, 0], [0, 0], [1, 1]]
connection:  [array([0, 1, 0, 1, 0, 0, 1, 1, 0, 0, 1, 1, 0, 1, 1, 0]), array([1, 0, 0, 1, 0, 0, 1, 1, 1, 1, 0, 0, 1, 0, 0, 0]), array([1, 0, 1, 0, 1, 0, 0, 1, 0, 1, 1, 1, 0, 0, 0, 1]), array([0, 0, 0, 0, 0, 1, 1, 1, 1, 1, 1, 0, 0, 1, 1, 1]), array([1, 0, 0, 0, 1, 0, 1, 0, 1, 1, 0, 1, 1, 1, 1, 0])]
fitness:  0.20488021
model_save_path:  ./train_model/child4/model
model_traing_process_path:  ./log/child4/model
#########################################################################