0.8181818181818182,1.0,0.25,0.725,0.41312056737588654,1.0,1.0,0.7425742574257426,0.0,0.3709677419354838,1.0,0.0,0.8571428571428571,0.0
0.8701298701298701,1.0,1.0,0.8,0.5070921985815603,0.0,1.0,0.5346534653465347,1.0,0.24193548387096772,0.6666666666666666,1.0,0.42857142857142855,0.5
0.8701298701298701,1.0,1.0,0.6,0.40602836879432624,0.0,1.0,0.6386138613861386,1.0,0.41935483870967744,0.6666666666666666,0.6666666666666666,1.0,0.25
0.4805194805194805,1.0,0.75,0.65,0.4432624113475177,0.0,0.0,0.9257425742574258,0.0,0.564516129032258,1.0,0.0,0.42857142857142855,0.0
0.5324675324675324,0.0,0.5,0.65,0.3617021276595745,0.0,1.0,0.8514851485148515,0.0,0.2258064516129032,0.3333333333333333,0.0,0.42857142857142855,0.0
0.7272727272727273,1.0,0.5,0.6,0.41843971631205673,0.0,0.0,0.8811881188118812,0.0,0.12903225806451613,0.3333333333333333,0.0,0.42857142857142855,0.0
0.8051948051948052,0.0,1.0,0.7,0.475177304964539,0.0,1.0,0.7920792079207921,0.0,0.5806451612903226,1.0,0.6666666666666666,0.42857142857142855,0.75
0.7402597402597403,0.0,1.0,0.6,0.6276595744680851,0.0,0.0,0.806930693069307,1.0,0.0967741935483871,0.3333333333333333,0.0,0.42857142857142855,0.0
0.8181818181818182,1.0,1.0,0.65,0.450354609929078,0.0,1.0,0.7277227722772277,0.0,0.2258064516129032,0.6666666666666666,0.3333333333333333,1.0,0.5
0.6883116883116883,1.0,1.0,0.7,0.3599290780141844,1.0,1.0,0.7673267326732673,1.0,0.5,1.0,0.0,1.0,0.25
0.7402597402597403,1.0,1.0,0.7,0.3404255319148936,0.0,0.0,0.7326732673267327,0.0,0.06451612903225806,0.6666666666666666,0.0,0.8571428571428571,0.0
0.7272727272727273,0.0,0.5,0.7,0.5212765957446809,0.0,1.0,0.7574257425742574,0.0,0.20967741935483872,0.6666666666666666,0.0,0.42857142857142855,0.0
0.7272727272727273,1.0,0.75,0.65,0.45390070921985815,1.0,1.0,0.7029702970297029,1.0,0.0967741935483871,0.6666666666666666,0.3333333333333333,0.8571428571428571,0.5
0.5714285714285714,1.0,0.5,0.6,0.46631205673758863,0.0,0.0,0.8564356435643564,0.0,0.0,0.3333333333333333,0.0,1.0,0.0
0.6753246753246753,1.0,0.75,0.86,0.3528368794326241,1.0,0.0,0.801980198019802,0.0,0.08064516129032258,0.3333333333333333,0.0,1.0,0.0
0.7402597402597403,1.0,0.75,0.75,0.2978723404255319,0.0,0.0,0.8613861386138614,0.0,0.25806451612903225,0.3333333333333333,0.0,0.42857142857142855,0.0
0.6233766233766234,1.0,0.5,0.55,0.40602836879432624,0.0,0.0,0.8316831683168316,0.0,0.16129032258064516,1.0,0.0,1.0,0.25
0.7012987012987013,1.0,1.0,0.7,0.4237588652482269,0.0,0.0,0.7920792079207921,0.0,0.1935483870967742,0.3333333333333333,0.0,0.42857142857142855,0.0
0.6233766233766234,0.0,0.75,0.65,0.4875886524822695,0.0,0.0,0.6881188118811881,0.0,0.03225806451612903,0.3333333333333333,0.0,0.42857142857142855,0.0
0.6363636363636364,1.0,0.5,0.65,0.4716312056737589,0.0,0.0,0.8465346534653465,0.0,0.0967741935483871,0.3333333333333333,0.0,0.42857142857142855,0.0
0.8311688311688312,1.0,0.25,0.55,0.374113475177305,0.0,1.0,0.7128712871287128,1.0,0.2903225806451613,0.6666666666666666,0.0,0.42857142857142855,0.0
0.7532467532467533,0.0,0.25,0.75,0.50177304964539,1.0,1.0,0.801980198019802,0.0,0.16129032258064516,0.3333333333333333,0.0,0.42857142857142855,0.0
0.7532467532467533,1.0,0.5,0.6,0.5035460992907801,0.0,1.0,0.7920792079207921,0.0,0.2903225806451613,0.6666666666666666,0.0,0.42857142857142855,0.25
0.7532467532467533,1.0,0.75,0.66,0.3971631205673759,0.0,1.0,0.8564356435643564,0.0,0.5161290322580645,0.3333333333333333,0.6666666666666666,1.0,0.75
0.7792207792207793,1.0,1.0,0.65,0.36524822695035464,0.0,1.0,0.6534653465346535,1.0,0.3870967741935484,0.6666666666666666,0.6666666666666666,1.0,1.0
0.6493506493506493,0.0,0.75,0.6,0.3882978723404255,0.0,0.0,0.7821782178217822,0.0,0.25806451612903225,0.6666666666666666,0.0,0.42857142857142855,0.0
0.7532467532467533,0.0,0.75,0.6,0.6028368794326241,0.0,0.0,0.8514851485148515,0.0,0.0,0.3333333333333333,0.0,0.42857142857142855,0.0
0.8571428571428571,0.0,0.25,0.75,0.40070921985815605,0.0,0.0,0.5643564356435643,0.0,0.41935483870967744,1.0,0.0,0.42857142857142855,0.0
0.5584415584415584,1.0,1.0,0.75,0.4379432624113475,0.0,0.0,0.8465346534653465,0.0,0.24193548387096772,0.3333333333333333,0.0,0.42857142857142855,0.0
0.5194805194805194,1.0,1.0,0.55,0.29609929078014185,0.0,1.0,0.5643564356435643,1.0,0.3225806451612903,0.6666666666666666,0.0,1.0,0.75
0.8961038961038961,0.0,0.25,0.7,0.4237588652482269,0.0,0.0,0.7475247524752475,0.0,0.2903225806451613,0.3333333333333333,0.6666666666666666,0.42857142857142855,0.0
0.7792207792207793,1.0,1.0,0.585,0.4078014184397163,1.0,0.0,0.7920792079207921,1.0,0.2258064516129032,0.3333333333333333,0.6666666666666666,1.0,0.5
0.8311688311688312,1.0,0.75,0.7,0.5939716312056738,0.0,0.0,0.7821782178217822,0.0,0.0,0.3333333333333333,0.0,0.42857142857142855,0.25
0.7662337662337663,1.0,1.0,0.675,0.4148936170212766,0.0,0.0,0.7970297029702971,0.0,0.08064516129032258,0.6666666666666666,0.0,1.0,0.0
0.5714285714285714,1.0,0.75,0.65,0.41312056737588654,0.0,0.0,0.8861386138613861,1.0,0.06451612903225806,0.3333333333333333,0.0,0.42857142857142855,0.0
0.5454545454545454,1.0,1.0,0.7,0.40070921985815605,0.0,0.0,0.8811881188118812,0.0,0.0,0.3333333333333333,0.0,0.42857142857142855,0.0
0.5584415584415584,1.0,1.0,0.6,0.31382978723404253,0.0,1.0,0.594059405940594,1.0,0.4032258064516129,0.6666666666666666,0.0,1.0,0.75
0.7402597402597403,1.0,1.0,0.75,0.48936170212765956,0.0,1.0,0.5544554455445545,1.0,0.0967741935483871,0.6666666666666666,0.3333333333333333,0.8571428571428571,0.25
0.7142857142857143,1.0,1.0,0.66,0.625886524822695,0.0,0.0,0.6534653465346535,1.0,0.1935483870967742,0.6666666666666666,0.3333333333333333,1.0,0.75
0.7922077922077922,1.0,0.75,0.75,0.4308510638297872,1.0,0.0,0.6782178217821783,1.0,0.16129032258064516,0.6666666666666666,0.0,0.42857142857142855,0.0
0.8441558441558441,0.0,1.0,0.75,0.39893617021276595,0.0,1.0,0.5643564356435643,0.0,0.16129032258064516,0.6666666666666666,1.0,1.0,1.0
0.5194805194805194,1.0,0.25,0.7,0.3528368794326241,0.0,0.0,0.8811881188118812,1.0,0.2258064516129032,0.3333333333333333,0.0,1.0,0.0
0.922077922077922,0.0,0.5,0.8,0.5354609929078015,0.0,0.0,0.801980198019802,0.0,0.06451612903225806,0.3333333333333333,0.6666666666666666,0.42857142857142855,0.0
0.7662337662337663,1.0,0.75,0.75,0.375886524822695,1.0,0.0,0.7772277227722773,0.0,0.25806451612903225,0.3333333333333333,0.0,0.42857142857142855,0.0
0.7922077922077922,0.0,1.0,0.65,0.5851063829787234,0.0,1.0,0.8366336633663366,0.0,0.0,0.3333333333333333,0.0,0.42857142857142855,0.25
0.7532467532467533,1.0,0.75,0.56,0.4078014184397163,0.0,1.0,0.8168316831683168,0.0,0.4032258064516129,0.6666666666666666,0.3333333333333333,1.0,1.0
0.6623376623376623,1.0,0.75,0.55,0.3102836879432624,0.0,0.0,0.6089108910891089,0.0,0.0967741935483871,0.3333333333333333,0.0,0.42857142857142855,0.0
0.6493506493506493,1.0,1.0,0.75,0.4308510638297872,0.0,1.0,0.6336633663366337,0.0,0.41935483870967744,0.6666666666666666,0.0,1.0,1.0
0.8441558441558441,0.0,0.75,0.7,0.7393617021276596,1.0,1.0,0.7772277227722773,0.0,0.12903225806451613,0.3333333333333333,0.3333333333333333,0.42857142857142855,0.0
0.6883116883116883,1.0,0.75,0.65,0.34929078014184395,1.0,1.0,0.7524752475247525,0.0,0.1935483870967742,1.0,0.0,0.42857142857142855,0.0
0.5324675324675324,0.0,0.5,0.525,0.35106382978723405,0.0,0.0,0.8316831683168316,0.0,0.0,0.3333333333333333,0.3333333333333333,0.42857142857142855,0.0
0.8441558441558441,1.0,1.0,0.6,0.31382978723404253,0.0,0.0,0.693069306930693,0.0,0.06451612903225806,0.3333333333333333,0.0,1.0,0.0
0.5714285714285714,1.0,1.0,0.56,0.5141843971631206,0.0,1.0,0.7574257425742574,0.0,0.0,0.3333333333333333,0.3333333333333333,0.42857142857142855,0.5
0.5714285714285714,1.0,0.5,0.65,0.3882978723404255,0.0,1.0,0.9306930693069307,0.0,0.0,0.3333333333333333,0.0,0.42857142857142855,0.0
0.7792207792207793,1.0,1.0,0.65,0.44858156028368795,0.0,0.0,0.7128712871287128,1.0,0.2258064516129032,0.3333333333333333,0.3333333333333333,1.0,0.25
0.7012987012987013,1.0,1.0,0.62,0.4716312056737589,0.0,1.0,0.5396039603960396,1.0,0.3548387096774194,0.6666666666666666,0.3333333333333333,1.0,0.25
0.6493506493506493,1.0,0.75,0.7,0.41312056737588654,0.0,0.0,0.806930693069307,0.0,0.0967741935483871,0.6666666666666666,0.3333333333333333,1.0,0.25
0.5324675324675324,1.0,1.0,0.55,0.3049645390070922,0.0,1.0,0.7821782178217822,0.0,0.0,0.3333333333333333,0.0,1.0,0.25
0.7012987012987013,1.0,0.75,0.625,0.48404255319148937,0.0,1.0,0.7524752475247525,0.0,0.08064516129032258,1.0,0.3333333333333333,0.42857142857142855,0.0
0.6623376623376623,1.0,0.25,0.625,0.3776595744680851,0.0,1.0,0.6188118811881188,1.0,0.2258064516129032,0.3333333333333333,0.3333333333333333,0.42857142857142855,0.0
0.6623376623376623,0.0,1.0,0.65,0.5407801418439716,0.0,0.0,0.7029702970297029,1.0,0.1935483870967742,0.6666666666666666,0.0,1.0,0.5
0.5974025974025974,0.0,0.75,0.71,0.31382978723404253,0.0,1.0,0.7920792079207921,1.0,0.2258064516129032,1.0,0.0,0.42857142857142855,0.0
0.7532467532467533,1.0,1.0,0.64,0.3829787234042553,0.0,1.0,0.6485148514851485,1.0,0.3548387096774194,0.6666666666666666,1.0,1.0,0.25
0.7012987012987013,0.0,0.75,0.675,0.5390070921985816,1.0,0.0,0.8415841584158416,0.0,0.0,0.3333333333333333,0.0,0.42857142857142855,0.0
0.7012987012987013,1.0,1.0,0.6,0.3333333333333333,0.0,0.0,0.5594059405940595,0.0,0.2258064516129032,0.6666666666666666,0.3333333333333333,1.0,0.5
0.7792207792207793,1.0,1.0,0.725,0.5,0.0,1.0,0.7029702970297029,1.0,0.4516129032258064,0.6666666666666666,0.6666666666666666,1.0,0.5
0.7792207792207793,1.0,0.75,0.7,0.3280141843971631,0.0,1.0,0.7673267326732673,0.0,0.48387096774193544,0.6666666666666666,0.0,0.42857142857142855,0.25
0.7012987012987013,1.0,0.75,0.75,0.41134751773049644,0.0,1.0,0.8168316831683168,0.0,0.25806451612903225,0.3333333333333333,0.0,1.0,0.0
0.7662337662337663,1.0,1.0,0.85,0.5780141843971631,0.0,1.0,0.693069306930693,1.0,0.5483870967741935,1.0,0.0,1.0,0.5
0.5974025974025974,1.0,0.75,0.75,0.4095744680851064,0.0,0.0,0.7277227722772277,0.0,0.5806451612903226,0.6666666666666666,0.0,0.42857142857142855,0.25
0.8441558441558441,0.0,0.75,0.775,0.4769503546099291,0.0,0.0,0.7326732673267327,0.0,0.12903225806451613,0.3333333333333333,0.0,0.42857142857142855,0.0
0.8701298701298701,1.0,1.0,0.625,0.450354609929078,1.0,0.0,0.806930693069307,0.0,0.03225806451612903,0.6666666666666666,0.6666666666666666,1.0,0.75
0.8051948051948052,1.0,1.0,0.6,0.4734042553191489,0.0,0.0,0.4900990099009901,1.0,0.2903225806451613,0.6666666666666666,0.6666666666666666,1.0,0.25
0.8441558441558441,1.0,1.0,0.55,0.4397163120567376,0.0,1.0,0.7821782178217822,0.0,0.0967741935483871,0.3333333333333333,0.6666666666666666,0.8571428571428571,0.25
0.5714285714285714,1.0,1.0,0.55,0.34929078014184395,0.0,1.0,0.8762376237623762,0.0,0.0,0.3333333333333333,0.3333333333333333,0.42857142857142855,0.25
0.8441558441558441,0.0,0.75,0.8,0.6382978723404256,0.0,1.0,0.7475247524752475,0.0,0.12903225806451613,0.3333333333333333,0.0,0.42857142857142855,0.0
0.7792207792207793,1.0,1.0,0.625,0.4574468085106383,0.0,1.0,0.698019801980198,1.0,0.4516129032258064,0.6666666666666666,0.3333333333333333,1.0,0.25
0.6623376623376623,0.0,0.75,0.7,0.5460992907801419,0.0,1.0,0.7029702970297029,0.0,0.24193548387096772,0.3333333333333333,0.3333333333333333,0.42857142857142855,0.0
0.6233766233766234,1.0,0.5,0.65,0.43439716312056736,0.0,1.0,0.8910891089108911,0.0,0.03225806451612903,0.6666666666666666,0.0,0.42857142857142855,0.0
0.7532467532467533,1.0,1.0,0.75,0.4787234042553192,0.0,1.0,0.5495049504950495,1.0,0.12903225806451613,0.3333333333333333,0.0,1.0,0.75
0.5844155844155844,1.0,1.0,0.52,0.36879432624113473,0.0,1.0,0.7326732673267327,1.0,0.48387096774193544,0.6666666666666666,0.0,0.42857142857142855,0.0
0.6883116883116883,0.0,1.0,0.65,0.46808510638297873,0.0,1.0,0.7079207920792079,0.0,0.06451612903225806,0.6666666666666666,0.0,0.42857142857142855,0.0
0.5064935064935064,1.0,0.75,0.7,0.5691489361702128,0.0,1.0,0.900990099009901,0.0,0.0,0.3333333333333333,0.0,0.42857142857142855,0.0
0.8831168831168831,1.0,0.75,0.9,0.4858156028368794,1.0,1.0,0.7425742574257426,1.0,0.25806451612903225,0.6666666666666666,0.0,1.0,0.75
0.6753246753246753,1.0,0.5,0.6,0.5762411347517731,0.0,0.0,0.8514851485148515,0.0,0.03225806451612903,0.3333333333333333,0.0,0.42857142857142855,0.0
0.5714285714285714,1.0,0.75,0.7,0.4166666666666667,0.0,1.0,0.8910891089108911,0.0,0.0,0.3333333333333333,0.0,0.42857142857142855,0.0
0.6103896103896104,1.0,0.75,0.69,0.45567375886524825,0.0,1.0,0.7722772277227723,0.0,0.0,0.3333333333333333,0.0,0.42857142857142855,0.0
0.6883116883116883,0.0,0.75,0.64,0.3829787234042553,0.0,1.0,0.5693069306930693,0.0,0.0,0.3333333333333333,0.0,0.42857142857142855,0.0
0.6883116883116883,0.0,1.0,0.69,0.4148936170212766,0.0,1.0,0.7920792079207921,0.0,0.0,0.3333333333333333,0.0,0.42857142857142855,0.0
0.6623376623376623,0.0,0.75,0.65,0.45390070921985815,0.0,1.0,0.7376237623762376,0.0,0.08064516129032258,0.3333333333333333,0.0,0.42857142857142855,0.0
0.8571428571428571,1.0,1.0,0.6,0.5354609929078015,0.0,1.0,0.7475247524752475,0.0,0.06451612903225806,0.6666666666666666,0.0,0.42857142857142855,0.0
0.8051948051948052,0.0,1.0,0.8,0.2907801418439716,0.0,1.0,0.7178217821782178,0.0,1.0,1.0,1.0,1.0,0.75
0.8051948051948052,1.0,0.75,0.65,0.4095744680851064,0.0,0.0,0.7227722772277227,0.0,0.32142857142857145,0.6666666666666666,1.0,1.0,0.0
0.5714285714285714,0.0,0.75,0.54,0.25,0.0,0.0,0.8663366336633663,0.0,0.10714285714285715,0.6666666666666666,0.0,0.42857142857142855,0.0
0.8181818181818182,0.0,0.75,0.675,0.44680851063829785,0.0,1.0,0.8514851485148515,0.0,0.0,0.3333333333333333,0.0,0.42857142857142855,0.0
0.6753246753246753,1.0,1.0,0.64,0.4521276595744681,0.0,0.0,0.7970297029702971,1.0,0.0,0.3333333333333333,0.3333333333333333,1.0,0.25
0.7662337662337663,1.0,1.0,0.55,0.4237588652482269,0.0,1.0,0.7029702970297029,1.0,0.2142857142857143,0.6666666666666666,0.3333333333333333,1.0,0.5
0.7792207792207793,0.0,1.0,0.75,0.4574468085106383,0.0,1.0,0.7772277227722773,0.0,0.46428571428571436,0.6666666666666666,0.6666666666666666,1.0,0.75
0.6753246753246753,1.0,0.5,0.67,0.35638297872340424,0.0,0.0,0.7821782178217822,0.0,0.14285714285714288,0.3333333333333333,0.3333333333333333,0.42857142857142855,0.0
0.6233766233766234,1.0,1.0,0.61,0.39361702127659576,0.0,1.0,0.9207920792079208,0.0,0.0,0.3333333333333333,0.0,0.42857142857142855,0.0
0.5844155844155844,1.0,1.0,0.575,0.46099290780141844,0.0,1.0,0.9158415841584159,0.0,0.0,0.3333333333333333,0.0,0.42857142857142855,0.0
0.44155844155844154,1.0,0.25,0.59,0.32269503546099293,0.0,1.0,0.8613861386138614,0.0,0.0,0.3333333333333333,0.0,0.42857142857142855,0.0
0.7402597402597403,0.0,1.0,0.64,0.5372340425531915,0.0,1.0,0.7871287128712872,0.0,0.0,0.3333333333333333,0.3333333333333333,0.42857142857142855,0.0
0.922077922077922,0.0,0.75,0.55,0.4698581560283688,1.0,1.0,0.6435643564356436,0.0,0.0,0.3333333333333333,0.3333333333333333,0.42857142857142855,0.0
0.6363636363636364,1.0,0.75,0.6,0.3333333333333333,0.0,0.0,0.6881188118811881,0.0,0.35714285714285715,0.6666666666666666,1.0,1.0,0.75
0.7012987012987013,1.0,0.5,0.54,0.5478723404255319,0.0,0.0,0.7722772277227723,0.0,0.0,0.3333333333333333,0.0,1.0,0.0
0.7662337662337663,1.0,1.0,0.7,0.31382978723404253,0.0,0.0,0.801980198019802,1.0,0.0,0.3333333333333333,0.3333333333333333,1.0,0.5
0.7402597402597403,1.0,0.75,0.64,0.40602836879432624,0.0,1.0,0.7425742574257426,0.0,0.07142857142857144,0.6666666666666666,0.3333333333333333,1.0,0.25
0.7922077922077922,1.0,1.0,0.6,0.46099290780141844,0.0,0.0,0.693069306930693,1.0,0.6428571428571429,0.6666666666666666,0.3333333333333333,1.0,0.5
0.5064935064935064,1.0,1.0,0.59,0.3882978723404255,0.0,0.0,0.693069306930693,0.0,0.2142857142857143,0.6666666666666666,0.0,1.0,0.75
0.7922077922077922,0.0,1.0,0.725,0.5443262411347518,0.0,1.0,0.7227722772277227,1.0,0.17857142857142858,0.6666666666666666,0.0,1.0,0.25
0.7272727272727273,1.0,1.0,0.625,0.44148936170212766,1.0,1.0,0.7128712871287128,1.0,0.2142857142857143,0.6666666666666666,0.3333333333333333,0.42857142857142855,0.25
0.6753246753246753,1.0,0.25,0.59,0.32978723404255317,0.0,1.0,0.9405940594059405,0.0,0.0,0.6666666666666666,0.0,0.8571428571428571,0.0
0.5584415584415584,0.0,1.0,0.66,0.6046099290780141,1.0,1.0,0.6732673267326733,1.0,0.5357142857142857,0.6666666666666666,0.0,1.0,0.5
0.8051948051948052,0.0,0.75,0.65,0.46631205673758863,0.0,0.0,0.4801980198019802,0.0,0.2142857142857143,0.6666666666666666,0.3333333333333333,1.0,0.5
0.5324675324675324,1.0,0.5,0.675,0.3599290780141844,0.0,0.0,0.6534653465346535,0.0,0.0,0.6666666666666666,0.0,0.8571428571428571,0.0
0.7532467532467533,1.0,0.75,0.7,0.374113475177305,1.0,1.0,0.8168316831683168,0.0,0.0,0.3333333333333333,0.0,0.42857142857142855,0.0
0.45454545454545453,0.0,1.0,0.69,0.324468085106383,0.0,0.0,0.900990099009901,0.0,0.25,0.3333333333333333,0.0,0.42857142857142855,0.0
0.8181818181818182,1.0,1.0,0.65,0.5851063829787234,1.0,1.0,0.6534653465346535,1.0,0.32142857142857145,0.3333333333333333,1.0,1.0,0.75
0.8441558441558441,1.0,1.0,0.675,0.450354609929078,0.0,1.0,0.6287128712871287,0.0,0.5,0.6666666666666666,0.3333333333333333,1.0,0.5
0.6233766233766234,1.0,1.0,0.65,0.45390070921985815,1.0,1.0,0.7425742574257426,1.0,0.0,0.3333333333333333,0.6666666666666666,1.0,0.75
0.8181818181818182,0.0,1.0,0.75,0.7216312056737588,0.0,1.0,0.7623762376237624,0.0,0.7142857142857143,0.6666666666666666,1.0,1.0,1.0
0.6623376623376623,1.0,0.75,0.5,0.39361702127659576,0.0,0.0,0.7079207920792079,1.0,0.2142857142857143,0.6666666666666666,0.0,0.42857142857142855,0.0
0.7142857142857143,1.0,1.0,0.7,0.38475177304964536,0.0,0.0,0.5495049504950495,1.0,1.0,1.0,0.0,1.0,0.75
0.8441558441558441,1.0,0.25,0.69,0.5,1.0,1.0,0.8613861386138614,0.0,0.3181818181818181,0.6666666666666666,0.3333333333333333,0.42857142857142855,0.25
0.5844155844155844,0.0,0.5,0.65,0.4148936170212766,0.0,1.0,0.8663366336633663,0.0,0.13636363636363635,0.6666666666666666,0.0,0.42857142857142855,0.0
0.7272727272727273,0.0,1.0,1.0,0.5106382978723404,1.0,1.0,0.6584158415841584,1.0,0.9090909090909091,1.0,0.6666666666666666,1.0,0.75
0.7012987012987013,1.0,1.0,0.5729166666666666,0.4237588652482269,0.0,0.0,0.6237623762376238,1.0,0.6363636363636362,0.6666666666666666,0.3333333333333333,1.0,0.75
0.5714285714285714,1.0,0.5,0.625,0.3900709219858156,0.0,0.0,0.8415841584158416,0.0,0.0,0.3333333333333333,0.0,0.42857142857142855,0.0
0.8051948051948052,0.0,1.0,0.6458333333333334,0.37056737588652483,0.0,0.0,0.806930693069307,0.0,0.0,0.3333333333333333,0.0,0.42857142857142855,0.0
0.7012987012987013,1.0,0.75,0.625,0.4574468085106383,0.0,1.0,0.7277227722772277,0.0,0.09090909090909091,0.6666666666666666,0.0,1.0,0.0
0.6623376623376623,1.0,0.75,0.4895833333333333,0.4024822695035461,0.0,0.0,0.7623762376237624,1.0,0.0,0.3333333333333333,0.3333333333333333,1.0,0.0
0.37662337662337664,1.0,0.5,0.6770833333333334,0.3617021276595745,0.0,1.0,1.0,0.0,0.0,0.3333333333333333,0.0,0.42857142857142855,0.0
0.6623376623376623,1.0,1.0,0.7291666666666666,0.4627659574468085,0.0,1.0,0.9538461538461539,1.0,0.0,0.3333333333333333,0.0,0.42857142857142855,0.0
0.5584415584415584,0.0,0.75,0.6354166666666666,0.3776595744680851,0.0,0.0,0.8461538461538461,0.0,0.045454545454545456,0.6666666666666666,0.0,0.42857142857142855,0.0
0.7142857142857143,0.0,0.5,0.703125,0.4432624113475177,0.0,1.0,0.8256410256410256,0.0,0.3181818181818181,0.6666666666666666,0.0,0.42857142857142855,0.0
0.9090909090909091,1.0,1.0,0.7552083333333334,0.30851063829787234,0.0,0.0,0.6410256410256411,1.0,0.5909090909090908,1.0,0.0,1.0,1.0
0.8051948051948052,1.0,0.5,0.625,0.49822695035460995,0.0,1.0,0.5282051282051282,0.0,0.3181818181818181,0.6666666666666666,0.3333333333333333,1.0,0.75
0.45454545454545453,1.0,1.0,0.625,0.35106382978723405,0.0,0.0,0.6666666666666666,1.0,0.36363636363636365,0.6666666666666666,0.0,1.0,0.25
0.6623376623376623,1.0,0.75,0.6510416666666666,0.43439716312056736,1.0,1.0,0.8512820512820513,0.0,0.5454545454545454,0.6666666666666666,0.0,0.42857142857142855,0.0
0.7662337662337663,1.0,0.5,0.7291666666666666,0.39184397163120566,0.0,0.0,0.841025641025641,1.0,0.0,0.3333333333333333,0.0,0.42857142857142855,0.0
0.7662337662337663,1.0,0.25,0.8854166666666666,0.5106382978723404,0.0,1.0,0.8153846153846154,0.0,0.045454545454545456,0.6666666666666666,0.0,1.0,0.25
0.6753246753246753,1.0,0.5,0.6666666666666666,0.36347517730496454,1.0,0.0,0.9435897435897436,0.0,0.0,0.3333333333333333,0.0,0.42857142857142855,0.0
0.8311688311688312,1.0,0.75,0.6510416666666666,0.5478723404255319,0.0,0.0,0.6717948717948717,1.0,0.40909090909090906,0.6666666666666666,0.0,1.0,0.25
0.7532467532467533,1.0,0.75,0.546875,0.425531914893617,0.0,1.0,0.7897435897435897,1.0,0.13636363636363635,0.6666666666666666,0.0,1.0,0.0
0.6103896103896104,1.0,0.75,0.5625,0.4308510638297872,0.0,0.0,0.7794871794871795,0.0,0.0,0.3333333333333333,0.0,0.42857142857142855,0.25
0.7402597402597403,1.0,1.0,0.859375,0.5124113475177305,1.0,1.0,0.6358974358974359,0.0,0.22727272727272727,0.6666666666666666,1.0,1.0,1.0
0.5324675324675324,1.0,0.75,0.5833333333333334,0.4432624113475177,0.0,0.0,0.9179487179487179,0.0,0.0,0.3333333333333333,0.0,0.42857142857142855,0.0
0.5844155844155844,1.0,0.5,0.6666666666666666,0.5460992907801419,0.0,1.0,0.8717948717948718,0.0,0.0,0.3333333333333333,0.0,0.42857142857142855,0.0
0.7792207792207793,0.0,0.75,0.53125,0.5638297872340425,0.0,0.0,0.8205128205128205,0.0,0.0,0.3333333333333333,0.3333333333333333,0.42857142857142855,0.0
0.6753246753246753,1.0,0.25,0.7916666666666666,0.5283687943262412,1.0,0.0,0.9128205128205128,0.0,0.2727272727272727,0.6666666666666666,0.0,1.0,0.0
0.5454545454545454,0.0,1.0,0.53125,0.4698581560283688,0.0,1.0,0.6256410256410256,0.0,0.13636363636363635,0.6666666666666666,0.0,0.42857142857142855,0.0
0.8701298701298701,0.0,0.75,0.5989583333333334,1.0,0.0,1.0,0.8205128205128205,0.0,0.36363636363636365,0.6666666666666666,0.0,1.0,0.0
0.7142857142857143,1.0,1.0,0.8333333333333334,0.706601466992665,0.0,1.0,0.7435897435897436,1.0,0.18181818181818182,0.6666666666666666,0.3333333333333333,1.0,1.0
0.8311688311688312,1.0,1.0,0.625,0.6014669926650367,0.0,1.0,0.49230769230769234,1.0,0.5,1.0,0.3333333333333333,0.42857142857142855,0.75
0.9090909090909091,1.0,1.0,0.6770833333333334,0.7872860635696821,0.0,1.0,0.558974358974359,0.0,0.5454545454545454,0.6666666666666666,1.0,0.42857142857142855,0.25
0.6623376623376623,1.0,1.0,0.7291666666666666,0.7310513447432763,0.0,0.0,0.8871794871794871,1.0,0.36363636363636365,0.3333333333333333,0.0,1.0,0.25
0.7532467532467533,1.0,1.0,0.6510416666666666,0.7334963325183375,0.0,1.0,0.8769230769230769,0.0,0.0,0.3333333333333333,0.6666666666666666,1.0,0.25
0.7792207792207793,1.0,1.0,0.7291666666666666,0.7163814180929096,0.0,1.0,0.8717948717948718,0.0,0.2727272727272727,0.6666666666666666,0.6666666666666666,1.0,0.5
0.8831168831168831,1.0,0.75,0.6145833333333334,0.6772616136919315,0.0,0.0,0.7743589743589744,0.0,0.22727272727272727,0.3333333333333333,0.3333333333333333,1.0,0.0
0.5974025974025974,1.0,0.5,0.5260416666666666,0.48166259168704156,1.0,0.0,0.8,0.0,0.0,0.3333333333333333,0.0,1.0,0.0
1.0,1.0,1.0,0.6510416666666666,0.7432762836185819,0.0,1.0,0.8307692307692308,1.0,0.0,0.3333333333333333,1.0,0.42857142857142855,1.0
0.7105263157894737,0.0,0.75,0.5729166666666666,0.5232273838630807,0.0,0.0,0.8102564102564103,0.0,0.36363636363636365,0.6666666666666666,0.0,0.42857142857142855,0.0
0.7631578947368421,0.0,1.0,0.5208333333333334,0.6063569682151589,0.0,1.0,0.6256410256410256,0.0,0.22727272727272727,0.6666666666666666,0.0,0.42857142857142855,0.0
0.631578947368421,1.0,0.75,0.6458333333333334,0.6234718826405868,1.0,0.0,0.8974358974358975,0.0,0.0,0.3333333333333333,0.6666666666666666,0.42857142857142855,0.0
0.75,1.0,1.0,0.6875,0.5061124694376528,0.0,0.0,0.8615384615384616,1.0,0.0,0.3333333333333333,0.0,1.0,0.0
0.6842105263157895,1.0,0.75,0.71875,0.5452322738386308,0.0,0.0,0.8666666666666667,0.0,0.0,0.3333333333333333,0.0,0.42857142857142855,0.0
0.7105263157894737,0.0,0.5,0.6875,0.7041564792176039,1.0,1.0,0.8153846153846154,1.0,0.0,0.3333333333333333,0.3333333333333333,0.42857142857142855,0.0
0.4605263157894737,1.0,1.0,0.65625,0.6894865525672371,0.0,1.0,0.8,1.0,0.0,0.3333333333333333,0.0,1.0,0.25
0.5921052631578947,0.0,0.5,0.5833333333333334,0.39119804400978,0.0,0.0,0.7076923076923077,0.0,0.0,0.6666666666666666,0.0,0.42857142857142855,0.0
0.9210526315789473,1.0,0.75,0.8333333333333334,0.6577017114914425,0.0,0.0,0.5743589743589743,1.0,0.6590909090909091,0.6666666666666666,0.3333333333333333,1.0,0.75
0.6973684210526315,1.0,1.0,0.7395833333333334,0.5525672371638142,0.0,1.0,0.5692307692307692,1.0,0.0,0.3333333333333333,0.0,1.0,0.0
0.7763157894736842,0.0,1.0,0.90625,0.60880195599022,0.0,0.0,0.7333333333333333,1.0,0.0,0.6666666666666666,0.0,0.42857142857142855,0.25
0.8157894736842105,0.0,1.0,0.7291666666666666,0.9633251833740831,0.0,1.0,0.8051282051282052,0.0,0.2727272727272727,0.6666666666666666,0.0,0.42857142857142855,0.0
0.8421052631578947,1.0,1.0,0.7552083333333334,0.5183374083129584,0.0,1.0,0.676923076923077,0.0,0.45454545454545453,0.6666666666666666,0.6666666666666666,0.8571428571428571,1.0
0.75,1.0,1.0,0.7916666666666666,0.6699266503667481,0.0,0.0,0.4512820512820513,1.0,0.2727272727272727,0.6666666666666666,0.3333333333333333,1.0,0.25
0.6842105263157895,1.0,1.0,0.5625,0.5696821515892421,1.0,0.0,0.7538461538461538,0.0,0.022727272727272728,0.3333333333333333,1.0,1.0,0.0
0.7368421052631579,1.0,1.0,0.6875,0.44987775061124696,0.0,1.0,0.5384615384615384,1.0,0.47727272727272724,0.6666666666666666,0.3333333333333333,0.8571428571428571,0.25
0.5657894736842105,1.0,0.75,0.6770833333333334,0.7701711491442543,0.0,0.0,0.8307692307692308,0.0,0.43181818181818177,0.3333333333333333,0.3333333333333333,0.42857142857142855,0.0
0.6973684210526315,1.0,0.75,0.6770833333333334,0.6014669926650367,1.0,1.0,0.8871794871794871,0.0,0.0,0.3333333333333333,1.0,0.42857142857142855,0.0
0.631578947368421,1.0,1.0,0.6458333333333334,0.6699266503667481,0.0,1.0,0.8512820512820513,0.0,0.11363636363636363,0.6666666666666666,0.0,1.0,0.75
0.7368421052631579,0.0,1.0,0.6979166666666666,1.0,0.0,1.0,0.7692307692307693,1.0,0.43181818181818177,0.6666666666666666,0.6666666666666666,1.0,0.5
0.5526315789473685,1.0,0.25,0.7708333333333334,0.7134502923976608,0.0,1.0,0.9128205128205128,0.0,0.18181818181818182,0.3333333333333333,0.6666666666666666,0.42857142857142855,0.0
0.7763157894736842,1.0,0.25,0.9270833333333334,0.7894736842105263,0.0,1.0,0.7435897435897436,0.0,0.9545454545454545,1.0,0.0,1.0,0.0
0.7894736842105263,0.0,1.0,0.8229166666666666,0.8918128654970761,0.0,1.0,0.8256410256410256,0.0,0.0,0.3333333333333333,0.0,0.42857142857142855,0.25
0.8289473684210527,0.0,0.5,0.7291666666666666,0.5701754385964912,0.0,0.0,0.9179487179487179,0.0,0.0,0.3333333333333333,0.6666666666666666,0.42857142857142855,0.0
0.5526315789473685,1.0,0.75,0.625,0.7017543859649122,1.0,0.0,0.9948717948717949,0.0,0.18181818181818182,1.0,0.0,1.0,0.0
0.868421052631579,1.0,0.5,0.8333333333333334,0.7192982456140351,0.0,0.0,0.6153846153846154,1.0,0.0,0.6666666666666666,1.0,0.8571428571428571,0.5
0.7105263157894737,1.0,0.5,1.0,0.827485380116959,0.0,1.0,1.0,0.0,0.0,0.3333333333333333,0.3333333333333333,1.0,0.25
0.9078947368421053,1.0,0.75,0.7777777777777778,0.7426900584795322,0.0,1.0,0.7604166666666666,0.0,0.45454545454545453,0.6666666666666666,1.0,1.0,0.5
0.6578947368421053,1.0,0.75,0.7166666666666667,0.5730994152046783,0.0,0.0,0.8489583333333334,0.0,0.0,0.3333333333333333,0.0,0.42857142857142855,0.0
0.6710526315789473,1.0,1.0,0.7777777777777778,0.8713450292397661,0.0,0.0,0.6354166666666666,1.0,0.9545454545454545,0.6666666666666666,1.0,1.0,0.75
0.5657894736842105,1.0,1.0,0.7333333333333333,0.7222222222222222,1.0,1.0,0.7447916666666666,1.0,0.022727272727272728,0.6666666666666666,0.0,1.0,0.25
0.8157894736842105,0.0,1.0,0.7666666666666667,0.8596491228070176,1.0,0.0,0.5520833333333334,0.0,0.43181818181818177,0.6666666666666666,1.0,0.42857142857142855,0.5
0.8947368421052632,0.0,0.75,0.6666666666666666,0.6169590643274854,0.0,1.0,0.5989583333333334,0.0,0.3409090909090909,0.6666666666666666,0.0,0.42857142857142855,0.0
0.881578947368421,1.0,1.0,0.5555555555555556,0.8742690058479532,0.0,1.0,0.6510416666666666,1.0,0.20454545454545453,0.6666666666666666,0.6666666666666666,0.42857142857142855,0.75
0.9078947368421053,1.0,0.25,0.8888888888888888,0.6842105263157895,1.0,1.0,0.6822916666666666,0.0,0.022727272727272728,0.6666666666666666,0.3333333333333333,0.42857142857142855,0.0
0.5921052631578947,0.0,1.0,0.7666666666666667,0.6900584795321637,0.0,1.0,0.7916666666666666,1.0,0.045454545454545456,0.6666666666666666,0.0,0.42857142857142855,0.0
0.6578947368421053,0.0,0.5,0.6666666666666666,0.7134502923976608,0.0,0.0,0.84375,0.0,0.25,0.3333333333333333,0.0,0.42857142857142855,0.0
0.7763157894736842,1.0,0.25,0.8888888888888888,0.7982456140350878,0.0,1.0,0.6510416666666666,0.0,0.0,0.3333333333333333,0.0,0.42857142857142855,0.25
0.6578947368421053,0.0,1.0,0.6111111111111112,0.7426900584795322,0.0,1.0,0.828125,0.0,0.0,0.3333333333333333,0.0,0.42857142857142855,0.0
0.8421052631578947,0.0,1.0,1.0,0.9502923976608187,0.0,0.0,0.8020833333333334,1.0,0.0,0.3333333333333333,0.0,0.42857142857142855,0.0
0.75,1.0,0.75,0.8333333333333334,0.3684210526315789,1.0,0.0,0.9010416666666666,0.0,0.045454545454545456,0.3333333333333333,0.3333333333333333,1.0,0.0
0.8421052631578947,0.0,0.75,0.7777777777777778,0.9152046783625731,0.0,0.0,0.6927083333333334,0.0,0.045454545454545456,0.3333333333333333,0.0,1.0,0.0
0.5657894736842105,1.0,1.0,0.6111111111111112,0.6169590643274854,0.0,0.0,0.8385416666666666,0.0,0.0,0.3333333333333333,0.0,1.0,0.0
0.5921052631578947,1.0,1.0,0.7888888888888889,0.9035087719298246,0.0,1.0,0.765625,1.0,0.0,0.6666666666666666,1.0,1.0,0.75
0.7631578947368421,1.0,1.0,0.7111111111111111,0.7573099415204678,0.0,1.0,0.6770833333333334,1.0,0.6818181818181818,0.6666666666666666,0.6666666666666666,1.0,0.75
0.6578947368421053,1.0,1.0,0.8,0.5847953216374269,0.0,1.0,0.65625,1.0,0.20454545454545453,0.6666666666666666,0.0,1.0,0.75
0.7236842105263158,1.0,0.5,0.7222222222222222,0.7660818713450293,0.0,0.0,0.8072916666666666,0.0,0.0,0.3333333333333333,0.0,0.42857142857142855,0.0
0.8157894736842105,0.0,1.0,0.8333333333333334,0.7134502923976608,0.0,0.0,0.8020833333333334,1.0,0.3181818181818181,0.6666666666666666,0.0,0.42857142857142855,0.25
0.4868421052631579,0.0,0.75,0.6666666666666666,0.6286549707602339,0.0,0.0,0.8854166666666666,0.0,0.0,0.3333333333333333,0.0,0.42857142857142855,0.0
0.5,1.0,0.25,0.6666666666666666,0.6754385964912281,0.0,0.0,0.9479166666666666,1.0,0.8636363636363635,0.6666666666666666,0.0,1.0,1.0
0.5394736842105263,1.0,0.75,0.7222222222222222,0.6257309941520468,0.0,1.0,0.875,0.0,0.45454545454545453,0.6666666666666666,0.0,0.42857142857142855,0.0
0.868421052631579,0.0,1.0,0.9888888888888889,0.6666666666666666,1.0,0.0,0.859375,1.0,0.22727272727272727,0.6666666666666666,0.6666666666666666,1.0,0.75
0.6842105263157895,1.0,1.0,0.6222222222222222,0.672514619883041,0.0,0.0,0.8333333333333334,0.0,0.0,0.3333333333333333,0.3333333333333333,0.42857142857142855,0.25
0.7368421052631579,1.0,0.25,0.6666666666666666,0.564327485380117,0.0,1.0,0.84375,0.0,0.43181818181818177,0.6666666666666666,0.0,1.0,0.0
0.6052631578947368,0.0,0.5,0.5833333333333334,0.5964912280701754,0.0,0.0,0.8958333333333334,0.0,0.0,0.3333333333333333,0.0,0.42857142857142855,0.0
0.6052631578947368,0.0,1.0,0.7666666666666667,0.7105263157894737,0.0,1.0,0.7916666666666666,1.0,0.0,0.6666666666666666,0.0,0.42857142857142855,0.0
0.8421052631578947,0.0,1.0,0.7222222222222222,0.8859649122807017,0.0,0.0,0.6354166666666666,0.0,0.45454545454545453,0.6666666666666666,0.6666666666666666,0.42857142857142855,0.0
0.7763157894736842,1.0,1.0,0.7666666666666667,0.7923976608187134,0.0,1.0,0.9479166666666666,0.0,0.0,0.3333333333333333,0.0,0.42857142857142855,0.0
0.5394736842105263,0.0,0.75,0.6222222222222222,0.783625730994152,0.0,1.0,0.8958333333333334,1.0,0.0,0.3333333333333333,0.0,0.42857142857142855,0.0
0.7105263157894737,0.0,0.75,0.6,0.7807017543859649,0.0,1.0,0.8697916666666666,0.0,0.0,0.3333333333333333,0.0,0.42857142857142855,0.0
0.5131578947368421,0.0,0.75,0.5222222222222223,0.5818713450292398,0.0,0.0,0.9322916666666666,0.0,0.0,0.3333333333333333,0.0,0.42857142857142855,0.0
0.6973684210526315,1.0,1.0,0.6833333333333333,0.8245614035087719,0.0,0.0,0.4947916666666667,1.0,0.45454545454545453,0.6666666666666666,0.6666666666666666,1.0,0.75
0.8289473684210527,0.0,1.0,0.6,0.7865497076023392,0.0,0.0,0.8802083333333334,1.0,0.40909090909090906,0.6666666666666666,0.6666666666666666,0.42857142857142855,0.25
0.4473684210526316,0.0,0.5,0.6555555555555556,0.6140350877192983,0.0,0.0,1.0,0.0,0.15909090909090906,0.3333333333333333,0.0,0.42857142857142855,0.0
0.618421052631579,1.0,1.0,0.6222222222222222,0.5964912280701754,0.0,0.0,0.7857142857142857,0.0,0.022727272727272728,0.3333333333333333,0.0,0.42857142857142855,0.0
0.881578947368421,0.0,0.75,0.8444444444444444,0.8099415204678363,0.0,0.0,0.945054945054945,0.0,0.0,0.3333333333333333,0.3333333333333333,0.42857142857142855,0.0
0.7105263157894737,1.0,1.0,0.6111111111111112,0.6023391812865497,0.0,1.0,0.5934065934065934,1.0,0.0,0.6666666666666666,0.3333333333333333,0.42857142857142855,0.75
0.868421052631579,1.0,1.0,0.6222222222222222,0.6198830409356725,0.0,1.0,0.7252747252747253,1.0,0.022727272727272728,0.3333333333333333,0.3333333333333333,0.42857142857142855,0.5
0.6842105263157895,0.0,0.75,0.7555555555555555,0.5730994152046783,0.0,1.0,0.9285714285714286,0.0,0.022727272727272728,0.6666666666666666,0.0,0.42857142857142855,0.0
0.7236842105263158,0.0,1.0,1.0,0.956140350877193,0.0,0.5,0.6428571428571429,1.0,0.7727272727272726,0.6666666666666666,0.0,0.42857142857142855,0.5
0.6447368421052632,1.0,0.75,0.6941176470588235,0.43567251461988304,0.0,1.0,0.6923076923076923,0.0,0.18181818181818182,0.3333333333333333,1.0,0.42857142857142855,0.25
0.9736842105263158,0.0,0.5,0.7058823529411765,0.7865497076023392,0.0,1.0,0.6648351648351648,1.0,0.045454545454545456,0.3333333333333333,0.3333333333333333,0.42857142857142855,0.0
0.7105263157894737,0.0,0.75,0.9411764705882353,0.5877192982456141,0.0,0.0,0.8956043956043956,0.0,0.0,0.3333333333333333,0.3333333333333333,0.42857142857142855,0.0
0.7105263157894737,1.0,1.0,0.7176470588235294,0.8362573099415205,0.0,1.0,0.6373626373626373,1.0,0.7272727272727273,0.6666666666666666,0.6666666666666666,0.42857142857142855,0.75
0.7368421052631579,1.0,1.0,0.7647058823529411,0.827485380116959,1.0,1.0,0.5659340659340659,1.0,0.36363636363636365,1.0,0.0,1.0,0.5
0.6052631578947368,1.0,1.0,0.7058823529411765,0.7280701754385965,0.0,1.0,0.7912087912087912,0.0,0.18181818181818182,0.3333333333333333,0.0,1.0,0.25
0.6447368421052632,0.0,0.5,0.788235294117647,0.7923976608187134,0.0,0.0,0.8901098901098901,0.0,0.0,0.6666666666666666,0.0,0.42857142857142855,0.0
0.5526315789473685,1.0,0.5,0.7058823529411765,0.8625730994152047,0.0,0.0,0.8901098901098901,0.0,0.0,0.3333333333333333,0.0,0.42857142857142855,0.0
0.5394736842105263,1.0,0.5,0.6470588235294118,0.6871345029239766,0.0,0.0,0.8406593406593407,0.0,0.0,0.3333333333333333,0.0,0.42857142857142855,0.0
0.5394736842105263,0.0,0.5,0.7411764705882353,0.8947368421052632,0.0,0.0,0.8956043956043956,0.0,0.0,0.3333333333333333,0.0,0.42857142857142855,0.0
0.6447368421052632,0.0,1.0,0.7647058823529411,0.7865497076023392,0.0,0.0,0.8956043956043956,0.0,0.0,0.3333333333333333,0.0,0.42857142857142855,0.0
0.8026315789473685,1.0,0.25,0.788235294117647,0.6842105263157895,0.0,0.0,0.7967032967032966,0.0,0.5909090909090908,0.6666666666666666,0.6666666666666666,0.42857142857142855,0.5
0.7894736842105263,0.0,0.75,0.7058823529411765,0.52046783625731,1.0,0.0,0.5274725274725275,0.0,0.0,0.3333333333333333,0.0,0.42857142857142855,0.0
0.881578947368421,1.0,1.0,0.7058823529411765,0.6929824561403509,0.0,0.0,0.3901098901098901,0.0,0.22727272727272727,0.6666666666666666,0.0,0.42857142857142855,0.5
0.7631578947368421,1.0,1.0,0.5882352941176471,0.6842105263157895,0.0,0.0,0.8571428571428571,0.0,0.022727272727272728,0.3333333333333333,0.3333333333333333,1.0,0.5
0.618421052631579,1.0,1.0,0.6470588235294118,0.804093567251462,0.0,1.0,0.6483516483516484,1.0,0.22727272727272727,0.6666666666666666,0.3333333333333333,0.42857142857142855,0.25
0.6842105263157895,1.0,1.0,0.7352941176470589,0.6198830409356725,0.0,0.0,0.9230769230769231,0.0,0.22727272727272727,0.3333333333333333,0.6666666666666666,1.0,0.75
0.8157894736842105,1.0,0.5,0.7529411764705882,0.6081871345029239,1.0,1.0,0.7692307692307693,0.0,0.0,0.3333333333333333,0.0,0.42857142857142855,0.0
0.75,1.0,1.0,0.6470588235294118,0.5877192982456141,0.0,0.0,0.6923076923076923,1.0,0.3409090909090909,0.6666666666666666,0.0,0.8571428571428571,0.0
0.7631578947368421,1.0,1.0,0.8588235294117647,0.6374269005847953,0.0,0.0,0.5769230769230769,0.0,0.45454545454545453,0.6666666666666666,0.3333333333333333,1.0,0.25
0.8421052631578947,1.0,1.0,0.7529411764705882,0.7690058479532164,0.0,0.0,0.5769230769230769,1.0,0.045454545454545456,0.6666666666666666,0.3333333333333333,1.0,0.0
0.6710526315789473,0.0,0.75,0.7058823529411765,0.8625730994152047,0.0,1.0,0.8626373626373627,0.0,0.13636363636363635,0.3333333333333333,0.0,0.42857142857142855,0.0
0.5657894736842105,1.0,1.0,0.6764705882352942,0.8859649122807017,0.0,0.0,0.9945054945054945,0.0,0.2727272727272727,0.6666666666666666,0.0,0.42857142857142855,0.0
0.5526315789473685,0.0,0.75,0.7058823529411765,0.6111111111111112,0.0,0.0,0.9505494505494505,0.0,0.0,0.6666666666666666,0.0,0.42857142857142855,0.0
0.881578947368421,0.0,1.0,0.6235294117647059,0.652046783625731,0.0,0.0,0.7802197802197802,0.0,0.06818181818181818,0.3333333333333333,0.6666666666666666,0.42857142857142855,0.0
1.0,0.0,0.75,0.8235294117647058,0.5760233918128655,0.0,0.5,0.6373626373626373,0.0,0.25,0.6666666666666666,0.0,0.42857142857142855,0.0
0.9859154929577465,1.0,0.5,0.9176470588235294,0.716374269005848,0.0,1.0,0.7857142857142857,0.0,0.0,0.3333333333333333,0.0,0.42857142857142855,0.0
0.8028169014084507,1.0,0.5,0.7294117647058823,0.7631578947368421,0.0,0.0,0.7747252747252747,0.0,0.06818181818181818,0.3333333333333333,0.0,1.0,0.25
0.6197183098591549,0.0,0.75,0.6941176470588235,0.7076023391812866,0.0,0.0,0.8186813186813187,0.0,0.06818181818181818,0.6666666666666666,0.3333333333333333,0.42857142857142855,0.0
0.8169014084507042,0.0,0.5,0.8,0.9327485380116959,1.0,1.0,0.8351648351648352,0.0,0.0,0.3333333333333333,0.6666666666666666,0.42857142857142855,0.75
0.8450704225352113,0.0,0.25,0.8823529411764706,0.7017543859649122,0.0,0.0,0.9395604395604396,0.0,0.20454545454545453,0.3333333333333333,0.0,0.42857142857142855,0.0
0.6197183098591549,1.0,0.75,0.7058823529411765,0.6608187134502924,0.0,0.0,0.9285714285714286,0.0,0.0,0.3333333333333333,0.0,0.42857142857142855,0.0
0.8591549295774648,1.0,1.0,0.8117647058823529,0.4853801169590643,0.0,1.0,0.6868131868131868,1.0,0.8181818181818181,0.6666666666666666,0.3333333333333333,0.42857142857142855,1.0
0.5915492957746479,1.0,1.0,0.8,0.9210526315789473,0.0,0.0,0.6868131868131868,1.0,0.40909090909090906,0.6666666666666666,0.0,0.8571428571428571,0.5
0.7323943661971831,1.0,1.0,0.7529411764705882,0.5964912280701754,1.0,0.0,0.8571428571428571,1.0,0.22727272727272727,0.6666666666666666,0.0,0.42857142857142855,0.5
0.8309859154929577,1.0,0.75,0.7411764705882353,0.6374269005847953,1.0,0.0,0.7362637362637363,0.0,0.5,0.6666666666666666,0.3333333333333333,0.8571428571428571,0.5
0.5633802816901409,1.0,1.0,0.8941176470588236,0.652046783625731,0.0,0.0,0.9945054945054945,0.0,0.0,0.3333333333333333,0.0,1.0,0.25
0.5915492957746479,1.0,0.75,0.7647058823529411,0.5263157894736842,0.0,0.0,0.8241758241758241,0.0,0.0,0.3333333333333333,0.0,0.42857142857142855,0.0
0.8591549295774648,1.0,1.0,0.8235294117647058,0.6052631578947368,0.0,1.0,0.7582417582417582,1.0,0.43181818181818177,0.3333333333333333,0.3333333333333333,1.0,0.25
0.9295774647887324,1.0,1.0,0.9411764705882353,0.6666666666666666,0.0,1.0,0.7582417582417582,0.0,0.5227272727272726,0.3333333333333333,0.0,0.8571428571428571,0.0
0.647887323943662,1.0,1.0,0.8235294117647058,0.9093567251461988,0.0,0.0,0.6593406593406593,1.0,0.40909090909090906,0.6666666666666666,0.6666666666666666,1.0,0.5
1.0,0.0,1.0,0.6588235294117647,0.43567251461988304,0.0,0.0,0.6868131868131868,0.0,0.36363636363636365,0.6666666666666666,0.0,0.42857142857142855,0.0
0.8676470588235294,1.0,0.25,0.788235294117647,0.5964912280701754,0.0,0.0,0.8901098901098901,0.0,0.18181818181818182,0.3333333333333333,0.6666666666666666,0.42857142857142855,0.25
0.9411764705882353,1.0,0.25,1.0,0.6637426900584795,0.0,1.0,0.8516483516483516,0.0,0.13636363636363635,0.6666666666666666,0.0,1.0,0.0
0.9705882352941176,0.0,0.75,0.8588235294117647,0.8128654970760234,0.0,1.0,0.8351648351648352,0.0,0.0,0.6666666666666666,0.3333333333333333,0.42857142857142855,0.0
0.5735294117647058,0.0,0.75,0.8117647058823529,0.6432748538011696,0.0,0.0,0.8351648351648352,0.0,0.0,0.6666666666666666,0.0,0.42857142857142855,0.0
0.8382352941176471,1.0,0.5,0.9058823529411765,0.6783625730994152,0.0,1.0,0.9010989010989011,0.0,0.0,0.3333333333333333,0.3333333333333333,0.42857142857142855,0.25
0.8529411764705882,0.0,1.0,0.7647058823529411,0.5760233918128655,0.0,0.0,0.7197802197802198,0.0,0.13636363636363635,0.6666666666666666,0.0,0.42857142857142855,0.0
0.8382352941176471,1.0,1.0,0.6470588235294118,0.97953216374269,0.0,0.0,0.7857142857142857,1.0,0.6818181818181818,0.6666666666666666,0.3333333333333333,1.0,0.5
0.6911764705882353,1.0,0.75,0.7647058823529411,0.7397660818713451,0.0,0.0,0.9835164835164835,0.0,0.0,0.3333333333333333,0.0,0.42857142857142855,0.0
0.8088235294117647,0.0,1.0,0.7529411764705882,0.5994152046783626,0.0,0.5,0.7142857142857143,1.0,0.45454545454545453,0.6666666666666666,0.3333333333333333,1.0,0.75
0.5147058823529411,1.0,0.5,0.7176470588235294,0.5614035087719298,0.0,0.0,0.9560439560439561,0.0,0.0,0.3333333333333333,0.0,0.42857142857142855,0.0
0.8970588235294118,1.0,1.0,0.8705882352941177,0.5935672514619883,0.0,0.0,0.8846153846153846,0.0,0.0,0.3333333333333333,0.3333333333333333,1.0,0.5
0.8529411764705882,1.0,1.0,0.6705882352941176,0.9298245614035088,0.0,0.5,0.7692307692307693,0.0,1.0,1.0,1.0,0.8571428571428571,1.0
0.8529411764705882,0.0,1.0,1.0,0.6578947368421053,1.0,1.0,0.8021978021978022,1.0,0.7,0.6666666666666666,1.0,0.8571428571428571,0.6666666666666666
0.8529411764705882,1.0,0.5,0.7621951219512195,0.6432748538011696,0.0,0.0,0.7912087912087912,0.0,0.1,0.6666666666666666,1.0,1.0,0.0
0.8235294117647058,1.0,0.5,0.7926829268292683,0.6461988304093568,0.0,1.0,0.8956043956043956,0.0,0.0,0.3333333333333333,0.0,1.0,0.0
0.8235294117647058,1.0,0.5,0.7317073170731707,0.7017543859649122,0.0,0.0,0.9285714285714286,0.0,0.0,1.0,0.0,0.42857142857142855,0.0
0.9852941176470589,1.0,0.75,0.926829268292683,0.6198830409356725,0.0,1.0,0.8241758241758241,0.0,0.2,0.6666666666666666,0.0,1.0,0.3333333333333333
0.8088235294117647,0.0,0.5,0.8048780487804879,1.0,0.0,0.0,0.9120879120879121,0.0,0.3,0.3333333333333333,0.0,0.42857142857142855,0.0
0.6470588235294118,1.0,1.0,0.7317073170731707,0.6401515151515151,0.0,0.0,0.7912087912087912,1.0,0.7,1.0,0.0,0.8571428571428571,0.6666666666666666
0.9264705882352942,1.0,1.0,0.8536585365853658,0.7083333333333334,0.0,1.0,0.7912087912087912,1.0,1.0,0.5,1.0,1.0,0.6666666666666666
0.9264705882352942,0.0,1.0,0.7560975609756098,0.7462121212121212,0.0,0.0,0.7472527472527473,1.0,0.0,1.0,0.0,0.42857142857142855,0.3333333333333333
0.6029411764705882,1.0,0.5,0.7317073170731707,0.5946969696969697,0.0,0.0,1.0,0.0,0.0,0.5,0.0,0.42857142857142855,0.0
0.8676470588235294,1.0,1.0,1.0,0.6666666666666666,1.0,1.0,0.5172413793103449,0.0,0.29411764705882354,1.0,1.0,0.8571428571428571,1.0
0.8382352941176471,0.0,1.0,0.9722222222222222,0.9128787878787878,0.0,0.0,0.7068965517241379,1.0,0.05882352941176471,1.0,0.0,1.0,0.3333333333333333
0.6617647058823529,1.0,0.25,0.7638888888888888,1.0,0.0,0.0,0.7586206896551724,0.0,0.35294117647058826,1.0,0.0,1.0,0.3333333333333333
1.0,1.0,1.0,1.0,0.8177966101694916,1.0,0.0,0.8103448275862069,0.0,1.0,1.0,1.0,1.0,0.6666666666666666
1.0,1.0,1.0,0.9420289855072463,0.5550847457627118,0.0,0.0,0.6609195402298851,1.0,1.0,1.0,1.0,1.0,1.0
1.0,0.0,0.6666666666666666,0.9420289855072463,1.0,0.0,1.0,1.0,0.0,0.0,1.0,1.0,1.0,1.0
1.0,1.0,1.0,1.0,1.0,0.0,0.0,1.0,0.0,0.0,1.0,1.0,1.0,0.0
