##################################
problem = 'fitness(problem I)'
load=  [1, 1, 1, 0, 0, 0]
material=  ['carbon_epoxy']
angle=  [0, 0.7853981633974483, -0.7853981633974483, 1.5707963267948966]
fitness_ =  [0.582615, 0.7415100000000001, 0.6885450000000001, 0.6885450000000001,
        0.6885450000000001, 0.7415100000000001, 0.7944750000000002, 0.8474400000000002,
        0.9533700000000003, 0.9004050000000002, 1.0593000000000001, 1.0593000000000001,
        1.0063350000000002, 1.0063350000000002, 1.0063350000000002, 1.0063350000000002,
        1.0063350000000002, 1.0063350000000002, 1.0063350000000002, 1.0063350000000002,
        1.0063350000000002, 1.0063350000000002, 1.0063350000000002, 1.0063350000000002,
        1.0063350000000002, 1.0063350000000002, 1.0063350000000002, 1.0063350000000002,
        1.0063350000000002, 1.0063350000000002, 1.0063350000000002, 1.0063350000000002,
        1.0063350000000002, 1.0063350000000002, 1.0063350000000002, 1.0063350000000002,
        1.0063350000000002, 1.0063350000000002, 1.0063350000000002, 1.0063350000000002,
        1.0063350000000002, 1.0063350000000002, 1.0063350000000002, 1.0063350000000002,
        1.0063350000000002, 1.0063350000000002, 1.0063350000000002, 1.0063350000000002,
        1.0063350000000002,1.006, 1.006]
strength_ratio= [0.5568970709768356, 0.6315747209201991, 0.732601183609763, 0.732601183609763,
        0.732601183609763, 0.9019341868608055, 0.9895740294741258, 1.0771734250195086,
        1.2522546690301757, 1.32402757162259, 1.5848278868014376, 1.5848278868014376,
        2.055604907090132, 2.055604907090132, 2.055604907090132, 2.055604907090132,
        2.055604907090132, 2.055604907090132, 2.055604907090132, 2.055604907090132,
        2.055604907090132, 2.055604907090132, 2.055604907090132, 2.055604907090132,
        2.055604907090132, 2.055604907090132, 2.055604907090132, 2.055604907090132,
        2.055604907090132, 2.055604907090132, 2.055604907090132, 2.055604907090132,
        2.055604907090132, 2.055604907090132, 2.055604907090132, 2.055604907090132,
        2.055604907090132, 2.055604907090132, 2.055604907090132, 2.055604907090132,
        2.055604907090132, 2.055604907090132, 2.055604907090132, 2.055604907090132,
        2.055604907090132, 2.055604907090132, 2.055604907090132, 2.055604907090132,
        2.055604907090132, 2.055, 2.055]
cost= 96
mass= 0.63558
strength_raito= 2.04138
number_of_layer= 12
#stacking sequence= [45, 'carbon_epoxy', 45, 'carbon_epoxy', 45, 'carbon_epoxy', 45, 'carbon_epoxy', 45, 'carbon_epoxy', 45, 'carbon_epoxy', 45, 'carbon_epoxy', 45, 'carbon_epoxy', 45, 'carbon_epoxy', 45, 'carbon_epoxy', 45, 'carbon_epoxy', 45, 'carbon_epoxy']
##################################


##################################
problem = 'fitness(problem I)'
load=  [1, 1, 1, 0, 0, 0]
material=  ['graphite_epoxy']
angle=  [0, 0.7853981633974483, -0.7853981633974483, 1.5707963267948966]
fitness_ =  [0.5247, 0.6296400000000001, 0.5771700000000001, 0.6296400000000001, 0.6296400000000001, 0.6296400000000001, 0.6821100000000001, 0.6821100000000001, 0.7345800000000001, 0.7345800000000001, 0.8395200000000002, 0.8395200000000002, 0.8395200000000002, 0.8395200000000002, 0.8919900000000002, 0.8919900000000002, 0.8919900000000002, 0.8919900000000002, 0.8919900000000002, 0.8919900000000002, 0.8919900000000002, 0.8919900000000002, 0.8919900000000002, 0.8919900000000002, 0.8919900000000002, 0.8919900000000002, 0.8919900000000002, 0.8919900000000002, 0.8919900000000002, 0.8919900000000002, 0.8919900000000002, 0.8919900000000002, 0.8919900000000002, 0.8919900000000002, 0.8919900000000002, 0.8919900000000002, 0.8919900000000002, 0.8919900000000002, 0.8919900000000002, 0.8919900000000002, 0.8919900000000002, 0.8919900000000002, 0.8919900000000002, 0.8919900000000002, 0.8919900000000002, 0.8919900000000002, 0.8919900000000002, 0.8919900000000002, 0.8919900000000002, 0.8919900000000002, 0.8919900000000002]
#strength_ratio= [0.4905048075384661, 0.49954438665998196, 1.3612499999999992, 1.4849999999999983, 1.4849999999999983, 1.4849999999999983, 1.6087499999999981, 1.6087499999999981, 1.7324999999999975, 1.7324999999999975, 1.979999999999996, 1.979999999999996, 1.979999999999996, 1.979999999999996, 2.103749999999998, 2.103749999999998, 2.103749999999998, 2.103749999999998, 2.103749999999998, 2.103749999999998, 2.103749999999998, 2.103749999999998, 2.103749999999998, 2.103749999999998, 2.103749999999998, 2.103749999999998, 2.103749999999998, 2.103749999999998, 2.103749999999998, 2.103749999999998, 2.103749999999998, 2.103749999999998, 2.103749999999998, 2.103749999999998, 2.103749999999998, 2.103749999999998, 2.103749999999998, 2.103749999999998, 2.103749999999998, 2.103749999999998, 2.103749999999998, 2.103749999999998, 2.103749999999998, 2.103749999999998, 2.103749999999998, 2.103749999999998, 2.103749999999998, 2.103749999999998, 2.103749999999998, 2.103749999999998, 2.103749999999998]
cost= 42.5
mass= 0.8919900000000002
strength_raito= 2.103749999999998
number_of_layer= 17
#stacking sequence= [45, 'graphite_epoxy', 45, 'graphite_epoxy', 45, 'graphite_epoxy', 45, 'graphite_epoxy', 45, 'graphite_epoxy', 45, 'graphite_epoxy', 45, 'graphite_epoxy', 45, 'graphite_epoxy', 45, 'graphite_epoxy', 45, 'graphite_epoxy', 45, 'graphite_epoxy', 45, 'graphite_epoxy', 45, 'graphite_epoxy', 45, 'graphite_epoxy', 45, 'graphite_epoxy', 45, 'graphite_epoxy', 45, 'graphite_epoxy']
##################################



##################################
problem = 'fitness(problem I)'
load=  [1, 1, 1, 0, 0, 0]
material=  ['glass_epoxy']
angle=  [0, 0.7853981633974483, -0.7853981633974483, 1.5707963267948966]
fitness_ =  [0.37679399999999996, 0.502392, 0.565191, 0.565191, 0.7535880000000001, 0.7535880000000001, 0.7535880000000001, 0.8791860000000002, 1.0047840000000003, 1.0047840000000003, 1.0047840000000003, 1.0047840000000003, 1.1303820000000004, 1.2559800000000005, 1.2559800000000005, 1.2559800000000005, 1.2559800000000005, 1.3187790000000006, 1.3815780000000006, 1.3815780000000006, 1.5071760000000007, 1.4443770000000007, 1.4443770000000007, 1.4443770000000007, 1.4443770000000007, 1.4443770000000007, 1.4443770000000007, 1.4443770000000007, 1.4443770000000007, 1.4443770000000007, 1.4443770000000007, 1.4443770000000007, 1.4443770000000007, 1.4443770000000007, 1.4443770000000007, 1.4443770000000007, 1.4443770000000007, 1.4443770000000007, 1.4443770000000007, 1.4443770000000007, 1.4443770000000007, 1.4443770000000007, 1.4443770000000007, 1.4443770000000007, 1.4443770000000007, 1.4443770000000007, 1.4443770000000007, 1.4443770000000007, 1.4443770000000007, 1.4443770000000007, 1.4443770000000007]
#strength_ratio= [0.52569, 0.70092, 0.788535, 0.788535, 1.05138, 1.05138, 1.05138, 1.2266099999999993, 1.4018399999999989, 1.4018399999999989, 1.4018399999999989, 1.4018399999999989, 1.5770699999999978, 1.7522999999999975, 1.7522999999999975, 1.7522999999999975, 1.7522999999999975, 1.8399149999999964, 1.9275299999999973, 1.9275299999999973, 2.1027599999999964, 2.015144999999997, 2.015144999999997, 2.015144999999997, 2.015144999999997, 2.015144999999997, 2.015144999999997, 2.015144999999997, 2.015144999999997, 2.015144999999997, 2.015144999999997, 2.015144999999997, 2.015144999999997, 2.015144999999997, 2.015144999999997, 2.015144999999997, 2.015144999999997, 2.015144999999997, 2.015144999999997, 2.015144999999997, 2.015144999999997, 2.015144999999997, 2.015144999999997, 2.015144999999997, 2.015144999999997, 2.015144999999997, 2.015144999999997, 2.015144999999997, 2.015144999999997, 2.015144999999997, 2.015144999999997]
cost= 23
mass= 1.4443770000000007
strength_raito= 2.015144999999997
number_of_layer= 23
#stacking sequence= [45, 'glass_epoxy', 45, 'glass_epoxy', 45, 'glass_epoxy', 45, 'glass_epoxy', 45, 'glass_epoxy', 45, 'glass_epoxy', 45, 'glass_epoxy', 45, 'glass_epoxy', 45, 'glass_epoxy', 45, 'glass_epoxy', 45, 'glass_epoxy', 45, 'glass_epoxy', 45, 'glass_epoxy', 45, 'glass_epoxy', 45, 'glass_epoxy', 45, 'glass_epoxy', 45, 'glass_epoxy', 45, 'glass_epoxy', 45, 'glass_epoxy', 45, 'glass_epoxy', 45, 'glass_epoxy', 45, 'glass_epoxy', 45, 'glass_epoxy']
##################################



##################################
problem = 'fitness(problem II)'
load=  [1, 1, 1, 0, 0, 0]
material=  ['graphite_epoxy', 'glass_epoxy']
angle=  [0.7853981633974483]
fitness_ =  [2.284924528301887, 2.098440525020509, 2.1031521739130437, 2.2943478260869568, 3.0591304347826087, 3.0591304347826087, 3.441521739130435, 3.2503260869565223, 3.2503260869565223, 3.2503260869565223, 3.2503260869565223, 3.2503260869565223, 3.2503260869565223, 3.2503260869565223, 3.2503260869565223, 3.2503260869565223, 3.2503260869565223, 3.2503260869565223, 3.2503260869565223, 3.2503260869565223, 3.2503260869565223, 3.2503260869565223, 3.2503260869565223, 3.2503260869565223, 3.2503260869565223, 3.2503260869565223, 3.2503260869565223, 3.2503260869565223, 3.2503260869565223, 3.2503260869565223, 3.2503260869565223, 3.2503260869565223, 3.2503260869565223, 3.2503260869565223, 3.2503260869565223, 3.2503260869565223, 3.2503260869565223, 3.2503260869565223, 3.2503260869565223, 3.20134926168991, 3.20134926168991, 3.20134926168991, 3.20134926168991, 3.20134926168991, 3.20134926168991, 3.20134926168991, 3.20134926168991, 3.20134926168991, 3.20134926168991, 3.20134926168991, 3.20134926168991]
#strength_ratio= [0.9488200408035989, 1.0925106906809365, 1.3612499999999992, 1.4849999999999983, 1.979999999999996, 1.979999999999996, 2.227499999999995, 2.103749999999998, 2.103749999999998, 2.103749999999998, 2.103749999999998, 2.103749999999998, 2.103749999999998, 2.103749999999998, 2.103749999999998, 2.103749999999998, 2.103749999999998, 2.103749999999998, 2.103749999999998, 2.103749999999998, 2.103749999999998, 2.103749999999998, 2.103749999999998, 2.103749999999998, 2.103749999999998, 2.103749999999998, 2.103749999999998, 2.103749999999998, 2.103749999999998, 2.103749999999998, 2.103749999999998, 2.103749999999998, 2.103749999999998, 2.103749999999998, 2.103749999999998, 2.103749999999998, 2.103749999999998, 2.103749999999998, 2.103749999999998, 2.005460365537823, 2.005460365537823, 2.005460365537823, 2.005460365537823, 2.005460365537823, 2.005460365537823, 2.005460365537823, 2.005460365537823, 2.005460365537823, 2.005460365537823, 2.005460365537823, 2.005460365537823]
cost= 41.0
mass= 0.9023190000000002
strength_raito= 2.005460365537823
number_of_layer= 17
#stacking sequence= [45, 'graphite_epoxy', 45, 'graphite_epoxy', 45, 'graphite_epoxy', 45, 'graphite_epoxy', 45, 'graphite_epoxy', 45, 'graphite_epoxy', 45, 'graphite_epoxy', 45, 'graphite_epoxy', 45, 'glass_epoxy', 45, 'graphite_epoxy', 45, 'graphite_epoxy', 45, 'graphite_epoxy', 45, 'graphite_epoxy', 45, 'graphite_epoxy', 45, 'graphite_epoxy', 45, 'graphite_epoxy', 45, 'graphite_epoxy']
##################################


# second



##################################
problem = 'fitness(problem I)'
load=  [0, 0, 1, 0, 0, 0]
material=  ['carbon_epoxy']
angle=  [0, 0.7853981633974483, -0.7853981633974483, 1.5707963267948966]
fitness_ =  [0.7415100000000001, 0.8474400000000002, 0.8474400000000002, 0.9533700000000003, 0.9533700000000003, 1.0063350000000002, 1.0063350000000002, 1.16523, 1.16523, 1.16523, 1.2711599999999998, 1.3241249999999998, 1.3770899999999997, 1.3770899999999997, 1.3770899999999997, 1.3770899999999997, 1.3770899999999997, 1.3770899999999997, 1.3770899999999997, 1.3770899999999997, 1.3770899999999997, 1.3770899999999997, 1.3770899999999997, 1.3770899999999997, 1.3770899999999997, 1.3770899999999997, 1.3770899999999997, 1.3770899999999997, 1.3770899999999997, 1.3770899999999997, 1.3770899999999997, 1.3770899999999997, 1.3770899999999997, 1.3770899999999997, 1.3770899999999997, 1.3770899999999997, 1.3770899999999997, 1.3770899999999997, 1.3770899999999997, 1.3770899999999997, 1.3770899999999997, 1.3770899999999997, 1.3770899999999997, 1.3770899999999997, 1.3770899999999997, 1.3770899999999997, 1.3770899999999997, 1.3770899999999997, 1.3770899999999997, 1.3770899999999997, 1.3770899999999997]
strength_ratio= [0.7223523742870225, 0.7613227196028828, 0.7613227196028828, 1.0790892464710728, 1.0790892464710728, 1.4010653780857738, 1.4010653780857738, 1.5901928169815998, 1.7092290736590339, 1.7092290736590339, 1.888255992137929, 1.9541935570065683, 2.012975482691849, 2.012975482691849, 2.012975482691849, 2.012975482691849, 2.012975482691849, 2.012975482691849, 2.012975482691849, 2.012975482691849, 2.012975482691849, 2.012975482691849, 2.012975482691849, 2.012975482691849, 2.012975482691849, 2.012975482691849, 2.012975482691849, 2.012975482691849, 2.012975482691849, 2.012975482691849, 2.012975482691849, 2.012975482691849, 2.012975482691849, 2.012975482691849, 2.012975482691849, 2.012975482691849, 2.012975482691849, 2.012975482691849, 2.012975482691849, 2.012975482691849, 2.012975482691849, 2.012975482691849, 2.012975482691849, 2.012975482691849, 2.012975482691849, 2.012975482691849, 2.012975482691849, 2.012975482691849, 2.012975482691849, 2.012975482691849, 2.012975482691849]
cost= 208
mass= 1.3770899999999997
strength_raito= 2.012975482691849
number_of_layer= 26
#stacking sequence= [-45, 'carbon_epoxy', 45, 'carbon_epoxy', 45, 'carbon_epoxy', 45, 'carbon_epoxy', -45, 'carbon_epoxy', -45, 'carbon_epoxy', -45, 'carbon_epoxy', -45, 'carbon_epoxy', 45, 'carbon_epoxy', 45, 'carbon_epoxy', 45, 'carbon_epoxy', 45, 'carbon_epoxy', -45, 'carbon_epoxy', -45, 'carbon_epoxy', 45, 'carbon_epoxy', 45, 'carbon_epoxy', 45, 'carbon_epoxy', 45, 'carbon_epoxy', -45, 'carbon_epoxy', -45, 'carbon_epoxy', -45, 'carbon_epoxy', -45, 'carbon_epoxy', 45, 'carbon_epoxy', 45, 'carbon_epoxy', 45, 'carbon_epoxy', -45, 'carbon_epoxy']
##################################
##################################
problem = 'fitness(problem I)'
load=  [0, 0, 1, 0, 0, 0]
material=  ['graphite_epoxy']
angle=  [0, 0.7853981633974483, -0.7853981633974483, 1.5707963267948966]
fitness_ =  [0.4197600000000001, 0.6296400000000001, 0.6296400000000001, 0.7345800000000001, 0.7345800000000001, 0.7870500000000001, 0.8395200000000002, 0.9444600000000002, 1.0494, 1.0494, 1.2592800000000002, 1.2592800000000002, 1.3642200000000002, 1.4691600000000002, 1.5741000000000003, 1.5741000000000003, 1.5741000000000003, 1.7315100000000003, 1.6265700000000003, 1.6790400000000003, 1.6790400000000003, 1.6790400000000003, 1.6790400000000003, 1.6790400000000003, 1.6790400000000003, 1.6790400000000003, 1.6790400000000003, 1.6790400000000003, 1.6790400000000003, 1.6790400000000003, 1.6790400000000003, 1.6790400000000003, 1.6790400000000003, 1.6790400000000003, 1.6790400000000003, 1.6790400000000003, 1.6790400000000003, 1.6790400000000003, 1.6790400000000003, 1.6790400000000003, 1.6790400000000003, 1.6790400000000003, 1.6790400000000003, 1.6790400000000003, 1.6790400000000003, 1.6790400000000003, 1.6790400000000003, 1.6790400000000003, 1.6790400000000003, 1.6790400000000003, 1.6790400000000003]
strength_ratio= [0.4645028851708883, 0.5327640200231899, 0.6360415992575315, 0.8851062506259844, 0.8851062506259844, 0.9041759168127615, 1.0244993605576174, 1.0657123002996114, 1.161257212927219, 1.161257212927219, 1.5429831583153715, 1.5429831583153715, 1.575197407854058, 1.7444776087838392, 1.9021038803707933, 1.9021038803707933, 1.9021038803707933, 1.9272453624615766, 1.9896927351380187, 2.048439656287735, 2.048439656287735, 2.048439656287735, 2.048439656287735, 2.048439656287735, 2.048439656287735, 2.048439656287735, 2.048439656287735, 2.048439656287735, 2.048439656287735, 2.048439656287735, 2.048439656287735, 2.048439656287735, 2.048439656287735, 2.048439656287735, 2.048439656287735, 2.048439656287735, 2.048439656287735, 2.048439656287735, 2.048439656287735, 2.048439656287735, 2.048439656287735, 2.048439656287735, 2.048439656287735, 2.048439656287735, 2.048439656287735, 2.048439656287735, 2.048439656287735, 2.048439656287735, 2.048439656287735, 2.048439656287735, 2.048439656287735]
cost= 80.0
mass= 1.6790400000000003
strength_raito= 2.048439656287735
number_of_layer= 32
#stacking sequence= [-45, 'graphite_epoxy', -45, 'graphite_epoxy', -45, 'graphite_epoxy', -45, 'graphite_epoxy', 45, 'graphite_epoxy', 45, 'graphite_epoxy', 45, 'graphite_epoxy', 45, 'graphite_epoxy', -45, 'graphite_epoxy', 45, 'graphite_epoxy', 45, 'graphite_epoxy', 45, 'graphite_epoxy', 45, 'graphite_epoxy', 45, 'graphite_epoxy', 45, 'graphite_epoxy', 45, 'graphite_epoxy', 45, 'graphite_epoxy', 45, 'graphite_epoxy', 45, 'graphite_epoxy', 45, 'graphite_epoxy', 45, 'graphite_epoxy', 45, 'graphite_epoxy', 45, 'graphite_epoxy', -45, 'graphite_epoxy', 45, 'graphite_epoxy', 45, 'graphite_epoxy', 45, 'graphite_epoxy', 45, 'graphite_epoxy', -45, 'graphite_epoxy', -45, 'graphite_epoxy', -45, 'graphite_epoxy', -45, 'graphite_epoxy']
##################################


##################################
problem = 'fitness(problem I)'
load=  [0, 0, 1, 0, 0, 0]
material=  ['glass_epoxy']
angle=  [0.7853981633974483, -0.7853981633974483]
fitness_ =  [0.7535880000000001, 0.8791860000000002, 1.0047840000000003, 1.1303820000000004, 1.2559800000000005, 1.5071760000000007, 1.6327740000000008, 1.6955730000000009, 1.6955730000000009, 1.758372000000001, 1.883970000000001, 2.009568000000001, 2.009568000000001, 2.009568000000001, 2.009568000000001, 2.009568000000001, 2.1351660000000012, 2.2607640000000013, 2.5119600000000015, 2.5119600000000015, 2.7631560000000017, 2.7631560000000017, 2.888754000000002, 3.014352000000002, 3.077151000000002, 3.265548000000002, 3.265548000000002, 3.328347000000002, 3.5167440000000023, 3.6423420000000024, 3.6423420000000024, 3.6423420000000024, 3.7679400000000025, 4.019136000000002, 4.019136000000002, 4.2703320000000025, 4.521528000000003, 4.458729000000003, 4.647126000000003, 4.647126000000003, 4.772724000000003, 4.898322000000003, 4.898322000000003, 5.023920000000003, 5.149518000000003, 5.212317000000003, 5.275116000000003, 5.337915000000003, 5.526312000000003, 5.6519100000000035, 5.777508000000004, 5.777508000000004, 5.903106000000004, 6.028704000000004, 5.965905000000004, 5.965905000000004, 5.965905000000004, 5.965905000000004, 5.965905000000004, 5.965905000000004, 5.965905000000004, 5.965905000000004, 5.965905000000004, 5.965905000000004, 5.965905000000004, 5.965905000000004, 5.965905000000004, 5.965905000000004, 5.965905000000004, 5.965905000000004, 5.965905000000004, 5.965905000000004, 5.965905000000004, 5.965905000000004, 5.965905000000004, 5.965905000000004, 5.965905000000004, 5.965905000000004, 5.965905000000004, 5.965905000000004, 5.965905000000004, 5.965905000000004, 5.965905000000004, 5.965905000000004, 5.965905000000004, 5.965905000000004, 5.965905000000004, 5.965905000000004, 5.965905000000004, 5.965905000000004, 5.965905000000004, 5.965905000000004, 5.965905000000004, 5.965905000000004, 5.965905000000004, 5.965905000000004, 5.965905000000004, 5.965905000000004, 5.965905000000004, 5.965905000000004, 5.965905000000004]
strength_ratio= [0.2234426481556327, 0.26199091082273473, 0.30944394556602545, 0.38024992660300466, 0.4027256535907119, 0.4941259785478723, 0.5392392221910061, 0.5740681458937719, 0.5740681458937719, 0.5953572352774736, 0.6285037267441675, 0.6727264382620419, 0.6727264382620419, 0.6727264382620419, 0.6727264382620419, 0.6727264382620419, 0.7167166136463208, 0.7604998532060082, 0.8054513071814243, 0.8313013961980179, 0.9205592924586349, 0.9339693378312236, 0.9770011659878971, 1.0199242354323166, 1.0311214962145956, 1.0969992813241498, 1.0969992813241498, 1.1109639840418055, 1.1843772892651088, 1.2332241813034304, 1.2332241813034304, 1.2332241813034304, 1.275671033576389, 1.3256113357982886, 1.3256113357982886, 1.4153616113056233, 1.4823779356436204, 1.499144341968796, 1.5646419267672835, 1.5646419267672835, 1.60819695472395, 1.6516694855080059, 1.6516694855080059, 1.6950639067495554, 1.738384320503562, 1.7547718341964904, 1.7816345638122115, 1.8032345028990893, 1.8679386756624425, 1.9012496330150206, 1.9540023319757882, 1.9540023319757882, 1.9969512682231618, 2.0319945179305745, 2.0102461934049334, 2.0102461934049334, 2.0102461934049334, 2.0102461934049334, 2.0102461934049334, 2.0102461934049334, 2.0102461934049334, 2.0102461934049334, 2.0102461934049334, 2.0102461934049334, 2.0102461934049334, 2.0102461934049334, 2.0102461934049334, 2.0102461934049334, 2.0102461934049334, 2.0102461934049334, 2.0102461934049334, 2.0102461934049334, 2.0102461934049334, 2.0102461934049334, 2.0102461934049334, 2.0102461934049334, 2.0102461934049334, 2.0102461934049334, 2.0102461934049334, 2.0102461934049334, 2.0102461934049334, 2.0102461934049334, 2.0102461934049334, 2.0102461934049334, 2.0102461934049334, 2.0102461934049334, 2.0102461934049334, 2.0102461934049334, 2.0102461934049334, 2.0102461934049334, 2.0102461934049334, 2.0102461934049334, 2.0102461934049334, 2.0102461934049334, 2.0102461934049334, 2.0102461934049334, 2.0102461934049334, 2.0102461934049334, 2.0102461934049334, 2.0102461934049334, 2.0102461934049334]
cost= 95
mass= 5.965905000000004
strength_raito= 2.0102461934049334
number_of_layer= 95
#stacking sequence= [45, 'glass_epoxy', 45, 'glass_epoxy', 45, 'glass_epoxy', 45, 'glass_epoxy', -45, 'glass_epoxy', 45, 'glass_epoxy', 45, 'glass_epoxy', 45, 'glass_epoxy', 45, 'glass_epoxy', 45, 'glass_epoxy', 45, 'glass_epoxy', 45, 'glass_epoxy', -45, 'glass_epoxy', 45, 'glass_epoxy', 45, 'glass_epoxy', 45, 'glass_epoxy', 45, 'glass_epoxy', 45, 'glass_epoxy', 45, 'glass_epoxy', 45, 'glass_epoxy', 45, 'glass_epoxy', 45, 'glass_epoxy', 45, 'glass_epoxy', 45, 'glass_epoxy', 45, 'glass_epoxy', 45, 'glass_epoxy', 45, 'glass_epoxy', 45, 'glass_epoxy', -45, 'glass_epoxy', -45, 'glass_epoxy', 45, 'glass_epoxy', 45, 'glass_epoxy', 45, 'glass_epoxy', 45, 'glass_epoxy', 45, 'glass_epoxy', 45, 'glass_epoxy', -45, 'glass_epoxy', 45, 'glass_epoxy', 45, 'glass_epoxy', 45, 'glass_epoxy', 45, 'glass_epoxy', 45, 'glass_epoxy', 45, 'glass_epoxy', 45, 'glass_epoxy', 45, 'glass_epoxy', 45, 'glass_epoxy', 45, 'glass_epoxy', 45, 'glass_epoxy', 45, 'glass_epoxy', 45, 'glass_epoxy', 45, 'glass_epoxy', 45, 'glass_epoxy', 45, 'glass_epoxy', 45, 'glass_epoxy', 45, 'glass_epoxy', 45, 'glass_epoxy', 45, 'glass_epoxy', 45, 'glass_epoxy', -45, 'glass_epoxy', 45, 'glass_epoxy', 45, 'glass_epoxy', 45, 'glass_epoxy', 45, 'glass_epoxy', 45, 'glass_epoxy', 45, 'glass_epoxy', -45, 'glass_epoxy', -45, 'glass_epoxy', 45, 'glass_epoxy', 45, 'glass_epoxy', 45, 'glass_epoxy', 45, 'glass_epoxy', 45, 'glass_epoxy', 45, 'glass_epoxy', 45, 'glass_epoxy', 45, 'glass_epoxy', 45, 'glass_epoxy', 45, 'glass_epoxy', 45, 'glass_epoxy', 45, 'glass_epoxy', 45, 'glass_epoxy', 45, 'glass_epoxy', 45, 'glass_epoxy', -45, 'glass_epoxy', 45, 'glass_epoxy', 45, 'glass_epoxy', 45, 'glass_epoxy', 45, 'glass_epoxy', 45, 'glass_epoxy', 45, 'glass_epoxy', 45, 'glass_epoxy', -45, 'glass_epoxy', 45, 'glass_epoxy', 45, 'glass_epoxy', 45, 'glass_epoxy', 45, 'glass_epoxy']
##################################


##################################
problem = 'fitness(problem II)'
load=  [0, 0, 1, 0, 0, 0]
material=  ['graphite_epoxy', 'carbon_epoxy']
angle=  [0.7853981633974483, -0.7853981633974483]
fitness_ =  [1.8002777777777779, 1.6620588235294118, 1.9394771241830067, 1.9394771241830067, 1.9394771241830067, 2.21640522875817, 2.21640522875817, 2.493333333333333, 2.493333333333333, 2.216650326797386, 2.216650326797386, 2.216650326797386, 2.216650326797386, 2.216650326797386, 2.216650326797386, 2.216650326797386, 2.216650326797386, 2.216650326797386, 2.216650326797386, 2.216650326797386, 2.216650326797386, 2.216650326797386, 2.216650326797386, 2.216650326797386, 2.216650326797386, 2.216650326797386, 2.216650326797386, 2.216650326797386, 2.216650326797386, 2.216650326797386, 2.216650326797386, 2.216650326797386, 2.216650326797386, 2.216650326797386, 2.216650326797386, 2.216650326797386, 2.216650326797386, 2.216650326797386, 2.216650326797386, 2.216650326797386, 2.216650326797386, 2.216650326797386, 2.216650326797386, 2.216650326797386, 2.216650326797386, 2.216650326797386, 2.216650326797386, 2.216650326797386, 2.216650326797386, 2.216650326797386, 2.216650326797386]
strength_ratio= [1.1099003342350942, 1.2725686678155077, 1.7451376280740907, 1.7451376280740907, 1.7451376280740907, 1.85340041266703, 1.9189715438478994, 2.049935469109932, 2.049935469109932, 2.0572429813926725, 2.0572429813926725, 2.0572429813926725, 2.0572429813926725, 2.0572429813926725, 2.0572429813926725, 2.0572429813926725, 2.0572429813926725, 2.0572429813926725, 2.0572429813926725, 2.0572429813926725, 2.0572429813926725, 2.0572429813926725, 2.0572429813926725, 2.0572429813926725, 2.0572429813926725, 2.0572429813926725, 2.0572429813926725, 2.0572429813926725, 2.0572429813926725, 2.0572429813926725, 2.0572429813926725, 2.0572429813926725, 2.0572429813926725, 2.0572429813926725, 2.0572429813926725, 2.0572429813926725, 2.0572429813926725, 2.0572429813926725, 2.0572429813926725, 2.0572429813926725, 2.0572429813926725, 2.0572429813926725, 2.0572429813926725, 2.0572429813926725, 2.0572429813926725, 2.0572429813926725, 2.0572429813926725, 2.0572429813926725, 2.0572429813926725, 2.0572429813926725, 2.0572429813926725]
cost= 113.0
mass= 1.1073150000000003
strength_raito= 2.0572429813926725
number_of_layer= 21
#stacking sequence= [-45, 'carbon_epoxy', 45, 'graphite_epoxy', 45, 'graphite_epoxy', -45, 'carbon_epoxy', -45, 'carbon_epoxy', 45, 'graphite_epoxy', -45, 'carbon_epoxy', 45, 'graphite_epoxy', 45, 'graphite_epoxy', 45, 'carbon_epoxy', -45, 'carbon_epoxy', 45, 'carbon_epoxy', 45, 'graphite_epoxy', 45, 'graphite_epoxy', -45, 'carbon_epoxy', 45, 'graphite_epoxy', -45, 'carbon_epoxy', -45, 'carbon_epoxy', 45, 'graphite_epoxy', 45, 'graphite_epoxy', -45, 'carbon_epoxy']
##################################

# third
##################################
problem = 'fitness(problem I)'
load=  [1, 0, 0, 0, 0, 0]
material=  ['carbon_epoxy']
angle=  [0, 0.7853981633974483, -0.7853981633974483, 1.5707963267948966]
fitness_ =  [0.21186, 0.42371999999999993, 0.37075499999999995, 0.31778999999999996, 0.31778999999999996, 0.31778999999999996, 0.31778999999999996, 0.31778999999999996, 0.31778999999999996, 0.31778999999999996, 0.31778999999999996, 0.31778999999999996, 0.31778999999999996, 0.31778999999999996, 0.31778999999999996, 0.31778999999999996, 0.31778999999999996, 0.31778999999999996, 0.31778999999999996, 0.31778999999999996, 0.31778999999999996, 0.31778999999999996, 0.31778999999999996, 0.31778999999999996, 0.31778999999999996, 0.31778999999999996, 0.31778999999999996, 0.31778999999999996, 0.31778999999999996, 0.31778999999999996, 0.31778999999999996, 0.31778999999999996, 0.31778999999999996, 0.31778999999999996, 0.31778999999999996, 0.31778999999999996, 0.31778999999999996, 0.31778999999999996, 0.31778999999999996, 0.31778999999999996, 0.31778999999999996, 0.31778999999999996, 0.31778999999999996, 0.31778999999999996, 0.31778999999999996, 0.31778999999999996, 0.31778999999999996, 0.31778999999999996, 0.31778999999999996, 0.31778999999999996, 0.31778999999999996]
strength_ratio= [1.36092, 2.721839999999999, 2.3816100000000002, 2.0413799999999993, 2.0413799999999993, 2.0413799999999993, 2.0413799999999993, 2.0413799999999993, 2.0413799999999993, 2.0413799999999993, 2.0413799999999993, 2.0413799999999993, 2.0413799999999993, 2.0413799999999993, 2.0413799999999993, 2.0413799999999993, 2.0413799999999993, 2.0413799999999993, 2.0413799999999993, 2.0413799999999993, 2.0413799999999993, 2.0413799999999993, 2.0413799999999993, 2.0413799999999993, 2.0413799999999993, 2.0413799999999993, 2.0413799999999993, 2.0413799999999993, 2.0413799999999993, 2.0413799999999993, 2.0413799999999993, 2.0413799999999993, 2.0413799999999993, 2.0413799999999993, 2.0413799999999993, 2.0413799999999993, 2.0413799999999993, 2.0413799999999993, 2.0413799999999993, 2.0413799999999993, 2.0413799999999993, 2.0413799999999993, 2.0413799999999993, 2.0413799999999993, 2.0413799999999993, 2.0413799999999993, 2.0413799999999993, 2.0413799999999993, 2.0413799999999993, 2.0413799999999993, 2.0413799999999993]
cost= 48
mass= 0.31778999999999996
strength_raito= 2.0413799999999993
number_of_layer= 6
#stacking sequence= [0, 'carbon_epoxy', 0, 'carbon_epoxy', 0, 'carbon_epoxy', 0, 'carbon_epoxy', 0, 'carbon_epoxy', 0, 'carbon_epoxy']
##################################
problem = 'fitness(problem I)'
load=  [1, 0, 0, 0, 0, 0]
material=  ['graphite_epoxy']
angle=  [0, 0.7853981633974483, -0.7853981633974483, 1.5707963267948966]
fitness_ =  [0.36729000000000006, 0.7870500000000001, 0.5771700000000001, 0.5247, 0.5247, 0.6821100000000001, 0.6821100000000001, 0.6821100000000001, 0.5771700000000001, 0.5771700000000001, 0.5771700000000001, 0.5771700000000001, 0.5771700000000001, 0.5771700000000001, 0.5771700000000001, 0.5771700000000001, 0.5771700000000001, 0.5771700000000001, 0.5771700000000001, 0.5771700000000001, 0.5771700000000001, 0.5771700000000001, 0.5771700000000001, 0.5771700000000001, 0.5771700000000001, 0.5771700000000001, 0.5771700000000001, 0.5771700000000001, 0.5771700000000001, 0.4722300000000001, 0.4722300000000001, 0.4722300000000001, 0.4722300000000001, 0.4722300000000001, 0.4722300000000001, 0.4722300000000001, 0.4722300000000001, 0.4722300000000001, 0.4722300000000001, 0.4722300000000001, 0.4722300000000001, 0.4722300000000001, 0.4722300000000001, 0.4722300000000001, 0.4722300000000001, 0.4722300000000001, 0.4722300000000001, 0.4722300000000001, 0.4722300000000001, 0.4722300000000001, 0.4722300000000001]
strength_ratio= [0.700111240524211, 0.7581065706083497, 0.8520837850367818, 0.9810096150769322, 0.9810096150769322, 1.432991718719457, 1.432991718719457, 3.217499999999999, 2.7225000000000006, 2.7225000000000006, 2.7225000000000006, 2.7225000000000006, 2.7225000000000006, 2.7225000000000006, 2.7225000000000006, 2.7225000000000006, 2.7225000000000006, 2.7225000000000006, 2.7225000000000006, 2.7225000000000006, 2.7225000000000006, 2.7225000000000006, 2.7225000000000006, 2.7225000000000006, 2.7225000000000006, 2.7225000000000006, 2.7225000000000006, 2.7225000000000006, 2.7225000000000006, 2.2274999999999996, 2.2274999999999996, 2.2274999999999996, 2.2274999999999996, 2.2274999999999996, 2.2274999999999996, 2.2274999999999996, 2.2274999999999996, 2.2274999999999996, 2.2274999999999996, 2.2274999999999996, 2.2274999999999996, 2.2274999999999996, 2.2274999999999996, 2.2274999999999996, 2.2274999999999996, 2.2274999999999996, 2.2274999999999996, 2.2274999999999996, 2.2274999999999996, 2.2274999999999996, 2.2274999999999996]
cost= 22.5
mass= 0.4722300000000001
strength_raito= 2.2274999999999996
number_of_layer= 9
#stacking sequence= [0, 'graphite_epoxy', 0, 'graphite_epoxy', 0, 'graphite_epoxy', 0, 'graphite_epoxy', 0, 'graphite_epoxy', 0, 'graphite_epoxy', 0, 'graphite_epoxy', 0, 'graphite_epoxy', 0, 'graphite_epoxy']
##################################




##################################
problem = 'fitness(problem I)'
load=  [1, 0, 0, 0, 0, 0]
material=  ['glass_epoxy']
angle=  [0, 0.7853981633974483, -0.7853981633974483, 1.5707963267948966]
fitness_ =  [0.251196, 0.62799, 0.7535880000000001, 0.7535880000000001, 0.7535880000000001, 0.7535880000000001, 0.7535880000000001, 0.7535880000000001, 0.7535880000000001, 0.7535880000000001, 0.7535880000000001, 0.7535880000000001, 0.7535880000000001, 0.7535880000000001, 0.7535880000000001, 0.7535880000000001, 0.7535880000000001, 0.7535880000000001, 0.7535880000000001, 0.7535880000000001, 0.7535880000000001, 0.7535880000000001, 0.7535880000000001, 0.7535880000000001, 0.7535880000000001, 0.7535880000000001, 0.7535880000000001, 0.7535880000000001, 0.7535880000000001, 0.7535880000000001, 0.7535880000000001, 0.7535880000000001, 0.7535880000000001, 0.7535880000000001, 0.7535880000000001, 0.7535880000000001, 0.7535880000000001, 0.7535880000000001, 0.7535880000000001, 0.7535880000000001, 0.7535880000000001, 0.7535880000000001, 0.7535880000000001, 0.7535880000000001, 0.7535880000000001, 0.7535880000000001, 0.7535880000000001, 0.7535880000000001, 0.7535880000000001, 0.7535880000000001, 0.7535880000000001]
strength_ratio= [0.7009199999999999, 1.7522999999999997, 2.1027599999999995, 2.1027599999999995, 2.1027599999999995, 2.1027599999999995, 2.1027599999999995, 2.1027599999999995, 2.1027599999999995, 2.1027599999999995, 2.1027599999999995, 2.1027599999999995, 2.1027599999999995, 2.1027599999999995, 2.1027599999999995, 2.1027599999999995, 2.1027599999999995, 2.1027599999999995, 2.1027599999999995, 2.1027599999999995, 2.1027599999999995, 2.1027599999999995, 2.1027599999999995, 2.1027599999999995, 2.1027599999999995, 2.1027599999999995, 2.1027599999999995, 2.1027599999999995, 2.1027599999999995, 2.1027599999999995, 2.1027599999999995, 2.1027599999999995, 2.1027599999999995, 2.1027599999999995, 2.1027599999999995, 2.1027599999999995, 2.1027599999999995, 2.1027599999999995, 2.1027599999999995, 2.1027599999999995, 2.1027599999999995, 2.1027599999999995, 2.1027599999999995, 2.1027599999999995, 2.1027599999999995, 2.1027599999999995, 2.1027599999999995, 2.1027599999999995, 2.1027599999999995, 2.1027599999999995, 2.1027599999999995]
cost= 12
mass= 0.7535880000000001
strength_raito= 2.1027599999999995
number_of_layer= 12
#stacking sequence= [0, 'glass_epoxy', 0, 'glass_epoxy', 0, 'glass_epoxy', 0, 'glass_epoxy', 0, 'glass_epoxy', 0, 'glass_epoxy', 0, 'glass_epoxy', 0, 'glass_epoxy', 0, 'glass_epoxy', 0, 'glass_epoxy', 0, 'glass_epoxy', 0, 'glass_epoxy']
##################################
##################################
problem = 'fitness(problem II)'
load=  [1, 0, 0, 0, 0, 0]
material=  ['graphite_epoxy', 'glass_epoxy']
angle=  [0]
fitness_ =  [3.3600000000000003, 3.3600000000000003, 3.3600000000000003, 3.3600000000000003, 3.3600000000000003, 3.3600000000000003, 3.3600000000000003, 3.3600000000000003, 3.3600000000000003, 3.3600000000000003, 3.3600000000000003, 3.3600000000000003, 3.3600000000000003, 3.3600000000000003, 3.3600000000000003, 3.3600000000000003, 3.3600000000000003, 3.3600000000000003, 3.3600000000000003, 3.3600000000000003, 3.3600000000000003, 3.267481132075472, 3.267481132075472, 3.267481132075472, 3.267481132075472, 3.267481132075472, 3.267481132075472, 3.267481132075472, 3.267481132075472, 3.267481132075472, 3.267481132075472, 3.267481132075472, 3.267481132075472, 3.267481132075472, 3.267481132075472, 3.267481132075472, 3.267481132075472, 3.267481132075472, 3.267481132075472, 3.267481132075472, 3.267481132075472, 3.267481132075472, 3.267481132075472, 3.267481132075472, 3.267481132075472, 3.267481132075472, 3.267481132075472, 3.267481132075472, 3.267481132075472, 3.267481132075472, 3.267481132075472]
strength_ratio= [2.2274999999999996, 2.2274999999999996, 2.2274999999999996, 2.2274999999999996, 2.2274999999999996, 2.2274999999999996, 2.2274999999999996, 2.2274999999999996, 2.2274999999999996, 2.2274999999999996, 2.2274999999999996, 2.2274999999999996, 2.2274999999999996, 2.2274999999999996, 2.2274999999999996, 2.2274999999999996, 2.2274999999999996, 2.2274999999999996, 2.2274999999999996, 2.2274999999999996, 2.2274999999999996, 2.0309815011893764, 2.0309815011893764, 2.0309815011893764, 2.0309815011893764, 2.0309815011893764, 2.0309815011893764, 2.0309815011893764, 2.0309815011893764, 2.0309815011893764, 2.0309815011893764, 2.0309815011893764, 2.0309815011893764, 2.0309815011893764, 2.0309815011893764, 2.0309815011893764, 2.0309815011893764, 2.0309815011893764, 2.0309815011893764, 2.0309815011893764, 2.0309815011893764, 2.0309815011893764, 2.0309815011893764, 2.0309815011893764, 2.0309815011893764, 2.0309815011893764, 2.0309815011893764, 2.0309815011893764, 2.0309815011893764, 2.0309815011893764, 2.0309815011893764]
cost= 21.0
mass= 0.48255900000000007
strength_raito= 2.0309815011893764
number_of_layer= 9
#stacking sequence= [0, 'graphite_epoxy', 0, 'graphite_epoxy', 0, 'graphite_epoxy', 0, 'graphite_epoxy', 0, 'glass_epoxy', 0, 'graphite_epoxy', 0, 'graphite_epoxy', 0, 'graphite_epoxy', 0, 'graphite_epoxy']
##################################

# fourth
##################################
problem = 'fitness(problem I)'
load=  [1, 1, 0, 0, 0, 0]
material=  ['carbon_epoxy']
angle=  [0, 0.7853981633974483, -0.7853981633974483, 1.5707963267948966]
fitness_ =  [0.6885450000000001, 0.7415100000000001, 0.8474400000000002, 0.8474400000000002, 0.8474400000000002, 0.9004050000000002, 1.0593000000000001, 1.0593000000000001, 1.0593000000000001, 1.112265, 1.16523, 1.16523, 1.16523, 1.2711599999999998, 1.2711599999999998, 1.2711599999999998, 1.2711599999999998, 1.2711599999999998, 1.2711599999999998, 1.2711599999999998, 1.2711599999999998, 1.2711599999999998, 1.2711599999999998, 1.2711599999999998, 1.2711599999999998, 1.2711599999999998, 1.2711599999999998, 1.2711599999999998, 1.2711599999999998, 1.2711599999999998, 1.2711599999999998, 1.2711599999999998, 1.2711599999999998, 1.2711599999999998, 1.2711599999999998, 1.2711599999999998, 1.2711599999999998, 1.2711599999999998, 1.2711599999999998, 1.2711599999999998, 1.2711599999999998, 1.2711599999999998, 1.2711599999999998, 1.2711599999999998, 1.2711599999999998, 1.2711599999999998, 1.2711599999999998, 1.2711599999999998, 1.2711599999999998, 1.2711599999999998, 1.2711599999999998]
strength_ratio= [0.7677171191787944, 1.0051498339193714, 1.1318976451105305, 1.1318976451105305, 1.1318976451105305, 1.3695684676483582, 1.4538434751362728, 1.509204881256253, 1.509204881256253, 1.613223635743667, 1.737001720260376, 1.737001720260376, 1.737001720260376, 2.0264391314161614, 2.0264391314161614, 2.0264391314161614, 2.0264391314161614, 2.0264391314161614, 2.0264391314161614, 2.0264391314161614, 2.0264391314161614, 2.0264391314161614, 2.0264391314161614, 2.0264391314161614, 2.0264391314161614, 2.0264391314161614, 2.0264391314161614, 2.0264391314161614, 2.0264391314161614, 2.0264391314161614, 2.0264391314161614, 2.0264391314161614, 2.0264391314161614, 2.0264391314161614, 2.0264391314161614, 2.0264391314161614, 2.0264391314161614, 2.0264391314161614, 2.0264391314161614, 2.0264391314161614, 2.0264391314161614, 2.0264391314161614, 2.0264391314161614, 2.0264391314161614, 2.0264391314161614, 2.0264391314161614, 2.0264391314161614, 2.0264391314161614, 2.0264391314161614, 2.0264391314161614, 2.0264391314161614]
cost= 192
mass= 1.2711599999999998
strength_raito= 2.0264391314161614
number_of_layer= 24
#stacking sequence= [45, 'carbon_epoxy', -45, 'carbon_epoxy', 0, 'carbon_epoxy', 0, 'carbon_epoxy', 45, 'carbon_epoxy', 45, 'carbon_epoxy', -45, 'carbon_epoxy', 90, 'carbon_epoxy', 90, 'carbon_epoxy', -45, 'carbon_epoxy', -45, 'carbon_epoxy', 45, 'carbon_epoxy', 45, 'carbon_epoxy', -45, 'carbon_epoxy', -45, 'carbon_epoxy', 90, 'carbon_epoxy', 90, 'carbon_epoxy', -45, 'carbon_epoxy', 45, 'carbon_epoxy', 45, 'carbon_epoxy', 0, 'carbon_epoxy', 0, 'carbon_epoxy', -45, 'carbon_epoxy', 45, 'carbon_epoxy']
##################################


##################################
problem = 'fitness(problem I)'
load=  [1, 1, 0, 0, 0, 0]
material=  ['graphite_epoxy']
angle=  [0.7853981633974483, -0.7853981633974483]
fitness_ =  [0.7345800000000001, 0.7870500000000001, 0.7870500000000001, 0.7870500000000001, 0.9444600000000002, 0.9444600000000002, 1.0494, 1.1543400000000001, 1.2068100000000002, 1.3642200000000002, 1.3642200000000002, 1.4166900000000002, 1.4166900000000002, 1.5216300000000003, 1.5741000000000003, 1.5741000000000003, 1.5741000000000003, 1.6790400000000003, 1.7839800000000003, 1.8889200000000004, 1.8889200000000004, 2.0988, 2.0988, 2.0988, 2.0988, 2.1512700000000002, 2.1512700000000002, 2.1512700000000002, 2.1512700000000002, 2.1512700000000002, 2.1512700000000002, 2.1512700000000002, 2.1512700000000002, 2.1512700000000002, 2.1512700000000002, 2.1512700000000002, 2.1512700000000002, 2.1512700000000002, 2.1512700000000002, 2.1512700000000002, 2.1512700000000002, 2.1512700000000002, 2.1512700000000002, 2.1512700000000002, 2.1512700000000002, 2.1512700000000002, 2.1512700000000002, 2.1512700000000002, 2.1512700000000002, 2.1512700000000002, 2.1512700000000002]
strength_ratio= [0.6500474585027801, 0.7266772108970787, 0.7266772108970787, 0.7266772108970787, 0.8518142778936394, 0.8518142778936394, 0.8931010498220844, 0.9262956535613835, 1.0136807284436853, 1.133940192343656, 1.133940192343656, 1.325882225987754, 1.325882225987754, 1.4256516334921916, 1.4533544217941565, 1.4533544217941565, 1.4533544217941565, 1.5021451415945257, 1.544026200286175, 1.7036285557872786, 1.7036285557872786, 1.9932086170988677, 1.9932086170988677, 1.9932086170988677, 1.9932086170988677, 2.024047710530924, 2.024047710530924, 2.024047710530924, 2.024047710530924, 2.024047710530924, 2.024047710530924, 2.024047710530924, 2.024047710530924, 2.024047710530924, 2.024047710530924, 2.024047710530924, 2.024047710530924, 2.024047710530924, 2.024047710530924, 2.024047710530924, 2.024047710530924, 2.024047710530924, 2.024047710530924, 2.024047710530924, 2.024047710530924, 2.024047710530924, 2.024047710530924, 2.024047710530924, 2.024047710530924, 2.024047710530924, 2.024047710530924]
cost= 102.5
mass= 2.1512700000000002
strength_raito= 2.024047710530924
number_of_layer= 41
#stacking sequence= [-45, 'graphite_epoxy', 45, 'graphite_epoxy', 45, 'graphite_epoxy', 45, 'graphite_epoxy', 45, 'graphite_epoxy', 45, 'graphite_epoxy', 45, 'graphite_epoxy', -45, 'graphite_epoxy', -45, 'graphite_epoxy', -45, 'graphite_epoxy', -45, 'graphite_epoxy', 45, 'graphite_epoxy', 45, 'graphite_epoxy', 45, 'graphite_epoxy', 45, 'graphite_epoxy', -45, 'graphite_epoxy', -45, 'graphite_epoxy', -45, 'graphite_epoxy', -45, 'graphite_epoxy', -45, 'graphite_epoxy', -45, 'graphite_epoxy', -45, 'graphite_epoxy', -45, 'graphite_epoxy', -45, 'graphite_epoxy', -45, 'graphite_epoxy', -45, 'graphite_epoxy', 45, 'graphite_epoxy', 45, 'graphite_epoxy', 45, 'graphite_epoxy', 45, 'graphite_epoxy', -45, 'graphite_epoxy', -45, 'graphite_epoxy', -45, 'graphite_epoxy', -45, 'graphite_epoxy', 45, 'graphite_epoxy', 45, 'graphite_epoxy', 45, 'graphite_epoxy', 45, 'graphite_epoxy', 45, 'graphite_epoxy', 45, 'graphite_epoxy', -45, 'graphite_epoxy']
##################################
##################################
problem = 'fitness(problem I)'
load=  [1, 1, 0, 0, 0, 0]
material=  ['glass_epoxy']
angle=  [0.7853981633974483, -0.7853981633974483]
fitness_ =  [0.7535880000000001, 0.7535880000000001, 0.7535880000000001, 0.8791860000000002, 1.0047840000000003, 1.2559800000000005, 1.3815780000000006, 1.5071760000000007, 1.5071760000000007, 1.5071760000000007, 1.758372000000001, 1.758372000000001, 1.758372000000001, 1.821171000000001, 1.946769000000001, 2.009568000000001, 2.009568000000001, 2.1351660000000012, 2.2607640000000013, 2.3863620000000014, 2.4491610000000015, 2.4491610000000015, 2.6375580000000016, 2.5747590000000016, 2.7631560000000017, 2.8259550000000018, 3.014352000000002, 3.014352000000002, 3.265548000000002, 3.391146000000002, 3.391146000000002, 3.391146000000002, 3.4539450000000023, 3.4539450000000023, 3.8307390000000026, 4.019136000000002, 4.019136000000002, 4.019136000000002, 4.2703320000000025, 4.395930000000003, 4.395930000000003, 4.521528000000003, 4.521528000000003, 4.647126000000003, 4.709925000000003, 4.772724000000003, 4.709925000000003, 4.709925000000003, 5.149518000000003, 5.023920000000003, 5.023920000000003, 5.023920000000003, 5.275116000000003, 5.526312000000003, 5.526312000000003, 5.5891110000000035, 5.777508000000004, 5.714709000000004, 5.903106000000004, 5.965905000000004, 6.028704000000004, 6.217101000000004, 6.217101000000004, 6.217101000000004, 6.217101000000004, 6.279900000000004, 6.279900000000004, 6.531096000000004, 6.531096000000004, 6.593895000000004, 6.782292000000004, 6.9078900000000045, 7.033488000000005, 7.159086000000005, 7.159086000000005, 7.284684000000005, 7.284684000000005, 7.535880000000005, 7.535880000000005, 7.535880000000005, 7.535880000000005, 7.661478000000005, 7.787076000000005, 7.787076000000005, 7.912674000000005, 8.038272000000005, 8.163870000000005, 8.101071000000005, 8.101071000000005, 8.289468000000005, 8.289468000000005, 8.415066000000005, 8.477865000000005, 8.791860000000005, 8.791860000000005, 8.917458000000005, 8.980257000000005, 8.980257000000005, 8.980257000000005, 8.980257000000005, 8.980257000000005]
strength_ratio= [0.13723401818914432, 0.13723401818914432, 0.13723401818914432, 0.18249640478331067, 0.22645989144368808, 0.2830748643046099, 0.29593234238875615, 0.33968983716553175, 0.33968983716553175, 0.33968983716553175, 0.3649928095666207, 0.3649928095666207, 0.39630481002645396, 0.4028537262626208, 0.4155550808773925, 0.4217462690952375, 0.4217462690952375, 0.43388095519363784, 0.5095347557482977, 0.5225532925421981, 0.5444108291591653, 0.5444108291591653, 0.5474892143499319, 0.5572388861195245, 0.5918646847775125, 0.6138950048401653, 0.6485421166778457, 0.6793796743310647, 0.7052104308607808, 0.7177067939005559, 0.7177067939005559, 0.7490812017923224, 0.7555100777164521, 0.7555100777164521, 0.7599400277945045, 0.7775196416590963, 0.7775196416590963, 0.7775196416590963, 0.8006160431941763, 0.8461877302451064, 0.8461877302451064, 0.891506816178684, 0.891506816178684, 0.9032216150843759, 0.9090449822562127, 0.9148474004314362, 0.9425265561371695, 0.9425265561371695, 0.9835005746413176, 1.038199935126266, 1.038199935126266, 1.038199935126266, 1.0622498243000047, 1.1191160180271125, 1.2150137561730736, 1.23687380885221, 1.2716459768544122, 1.2804385988565172, 1.3153011441964546, 1.3370546285185185, 1.3587593486621312, 1.39367057337268, 1.39367057337268, 1.39367057337268, 1.39367057337268, 1.415374321523052, 1.415374321523052, 1.4719892943839719, 1.4719892943839719, 1.4785943527028667, 1.4981624035846417, 1.5110201554329008, 1.5547890473704138, 1.5676598776265918, 1.598392859508045, 1.611414905050481, 1.611414905050481, 1.6984491858276558, 1.6984491858276558, 1.6984491858276558, 1.6984491858276558, 1.7116280159642405, 1.7550641586885762, 1.7550641586885762, 1.7682453487501912, 1.7812884827709348, 1.7942040096992236, 1.818288248602132, 1.818288248602132, 1.8379118745300804, 1.8379118745300804, 1.8814795959564359, 1.9032114982360975, 1.95115724279472, 1.9815240501322584, 1.9947133631513059, 2.0164423950741295, 2.0164423950741295, 2.0164423950741295, 2.0164423950741295, 2.0164423950741295]
cost= 143
mass= 8.980257000000005
strength_raito= 2.0164423950741295
number_of_layer= 143
#stacking sequence= [45, 'glass_epoxy', 45, 'glass_epoxy', -45, 'glass_epoxy', -45, 'glass_epoxy', -45, 'glass_epoxy', -45, 'glass_epoxy', -45, 'glass_epoxy', -45, 'glass_epoxy', 45, 'glass_epoxy', 45, 'glass_epoxy', -45, 'glass_epoxy', -45, 'glass_epoxy', -45, 'glass_epoxy', -45, 'glass_epoxy', -45, 'glass_epoxy', 45, 'glass_epoxy', 45, 'glass_epoxy', 45, 'glass_epoxy', 45, 'glass_epoxy', 45, 'glass_epoxy', 45, 'glass_epoxy', 45, 'glass_epoxy', 45, 'glass_epoxy', -45, 'glass_epoxy', -45, 'glass_epoxy', -45, 'glass_epoxy', -45, 'glass_epoxy', -45, 'glass_epoxy', 45, 'glass_epoxy', 45, 'glass_epoxy', 45, 'glass_epoxy', -45, 'glass_epoxy', -45, 'glass_epoxy', 45, 'glass_epoxy', 45, 'glass_epoxy', 45, 'glass_epoxy', 45, 'glass_epoxy', -45, 'glass_epoxy', -45, 'glass_epoxy', -45, 'glass_epoxy', -45, 'glass_epoxy', -45, 'glass_epoxy', -45, 'glass_epoxy', 45, 'glass_epoxy', 45, 'glass_epoxy', -45, 'glass_epoxy', -45, 'glass_epoxy', -45, 'glass_epoxy', -45, 'glass_epoxy', -45, 'glass_epoxy', 45, 'glass_epoxy', 45, 'glass_epoxy', 45, 'glass_epoxy', 45, 'glass_epoxy', 45, 'glass_epoxy', 45, 'glass_epoxy', 45, 'glass_epoxy', 45, 'glass_epoxy', -45, 'glass_epoxy', -45, 'glass_epoxy', -45, 'glass_epoxy', -45, 'glass_epoxy', -45, 'glass_epoxy', 45, 'glass_epoxy', 45, 'glass_epoxy', 45, 'glass_epoxy', -45, 'glass_epoxy', -45, 'glass_epoxy', 45, 'glass_epoxy', 45, 'glass_epoxy', 45, 'glass_epoxy', 45, 'glass_epoxy', 45, 'glass_epoxy', 45, 'glass_epoxy', 45, 'glass_epoxy', -45, 'glass_epoxy', -45, 'glass_epoxy', 45, 'glass_epoxy', 45, 'glass_epoxy', 45, 'glass_epoxy', -45, 'glass_epoxy', -45, 'glass_epoxy', -45, 'glass_epoxy', -45, 'glass_epoxy', -45, 'glass_epoxy', 45, 'glass_epoxy', 45, 'glass_epoxy', 45, 'glass_epoxy', 45, 'glass_epoxy', 45, 'glass_epoxy', 45, 'glass_epoxy', 45, 'glass_epoxy', 45, 'glass_epoxy', -45, 'glass_epoxy', -45, 'glass_epoxy', -45, 'glass_epoxy', -45, 'glass_epoxy', -45, 'glass_epoxy', 45, 'glass_epoxy', 45, 'glass_epoxy', -45, 'glass_epoxy', -45, 'glass_epoxy', -45, 'glass_epoxy', -45, 'glass_epoxy', -45, 'glass_epoxy', -45, 'glass_epoxy', 45, 'glass_epoxy', 45, 'glass_epoxy', 45, 'glass_epoxy', 45, 'glass_epoxy', -45, 'glass_epoxy', -45, 'glass_epoxy', 45, 'glass_epoxy', 45, 'glass_epoxy', 45, 'glass_epoxy', -45, 'glass_epoxy', -45, 'glass_epoxy', -45, 'glass_epoxy', -45, 'glass_epoxy', -45, 'glass_epoxy', 45, 'glass_epoxy', 45, 'glass_epoxy', 45, 'glass_epoxy', 45, 'glass_epoxy', 45, 'glass_epoxy', 45, 'glass_epoxy', 45, 'glass_epoxy', 45, 'glass_epoxy', -45, 'glass_epoxy', -45, 'glass_epoxy', -45, 'glass_epoxy', -45, 'glass_epoxy', -45, 'glass_epoxy', 45, 'glass_epoxy', 45, 'glass_epoxy', -45, 'glass_epoxy', -45, 'glass_epoxy', -45, 'glass_epoxy', -45, 'glass_epoxy', -45, 'glass_epoxy', -45, 'glass_epoxy', 45, 'glass_epoxy', 45, 'glass_epoxy']
##################################


##################################
problem = 'fitness(problem II)'
load=  [1, 1, 0, 0, 0, 0]
material=  ['graphite_epoxy', 'carbon_epoxy']
angle=  [0.7853981633974483, -0.7853981633974483]
fitness_ =  [1.0182324401042875, 1.0182324401042875, 1.0182324401042875, 1.3785422933925737, 1.7503333796146312, 1.7503333796146312, 2.230746517332346, 2.253708983199889, 2.1680493975717745, 2.1680493975717745, 2.4312184322981754, 2.78004705265269, 2.9116315700158903, 3.0432160873790903, 3.0432160873790903, 3.0432160873790903, 2.957556501750976, 3.3063851221054907, 3.3293475879730337, 3.395139846654634, 3.395139846654634, 3.395139846654634, 3.395139846654634, 3.395139846654634, 3.395139846654634, 3.395139846654634, 3.395139846654634, 3.395139846654634, 3.395139846654634, 3.1549332777957764, 3.1549332777957764, 3.1549332777957764, 3.0463112263001193, 3.0463112263001193, 3.0463112263001193, 3.0463112263001193, 3.0463112263001193, 3.0463112263001193, 3.0463112263001193, 3.0463112263001193, 3.0463112263001193, 3.0463112263001193, 3.0463112263001193, 3.0463112263001193, 3.0463112263001193, 3.0463112263001193, 3.0463112263001193, 3.0463112263001193, 3.0463112263001193, 3.0463112263001193, 3.0463112263001193]
strength_ratio= [0.5255070556392262, 0.5255070556392262, 0.5255070556392262, 0.6503735047656649, 0.8348910517775153, 0.8348910517775153, 0.8452433958499002, 1.0269429233714271, 1.1718071224236113, 1.1718071224236113, 1.2912103727449662, 1.4955132344297002, 1.6067190596640668, 1.695101446938787, 1.695101446938787, 1.695101446938787, 1.7799880728991597, 1.8622932921618645, 1.9656382156459145, 2.0406535407160185, 2.0406535407160185, 2.0406535407160185, 2.0406535407160185, 2.0406535407160185, 2.0406535407160185, 2.0406535407160185, 2.0406535407160185, 2.0406535407160185, 2.0406535407160185, 2.0045542370684357, 2.0045542370684357, 2.0045542370684357, 2.042932604908415, 2.042932604908415, 2.042932604908415, 2.042932604908415, 2.042932604908415, 2.042932604908415, 2.042932604908415, 2.042932604908415, 2.042932604908415, 2.042932604908415, 2.042932604908415, 2.042932604908415, 2.042932604908415, 2.042932604908415, 2.042932604908415, 2.042932604908415, 2.042932604908415, 2.042932604908415, 2.042932604908415]
cost= 129.5
mass= 2.2581900000000004
strength_raito= 2.042932604908415
number_of_layer= 43
#stacking sequence= [45, 'graphite_epoxy', -45, 'graphite_epoxy', -45, 'graphite_epoxy', 45, 'carbon_epoxy', 45, 'graphite_epoxy', -45, 'graphite_epoxy', -45, 'graphite_epoxy', -45, 'graphite_epoxy', 45, 'graphite_epoxy', 45, 'graphite_epoxy', 45, 'graphite_epoxy', 45, 'graphite_epoxy', -45, 'graphite_epoxy', -45, 'graphite_epoxy', 45, 'carbon_epoxy', 45, 'graphite_epoxy', -45, 'graphite_epoxy', -45, 'graphite_epoxy', -45, 'graphite_epoxy', 45, 'graphite_epoxy', 45, 'graphite_epoxy', 45, 'graphite_epoxy', 45, 'graphite_epoxy', 45, 'graphite_epoxy', -45, 'graphite_epoxy', -45, 'graphite_epoxy', -45, 'graphite_epoxy', 45, 'graphite_epoxy', 45, 'carbon_epoxy', -45, 'graphite_epoxy', -45, 'graphite_epoxy', 45, 'graphite_epoxy', 45, 'graphite_epoxy', 45, 'graphite_epoxy', 45, 'graphite_epoxy', -45, 'graphite_epoxy', -45, 'graphite_epoxy', -45, 'graphite_epoxy', 45, 'graphite_epoxy', 45, 'carbon_epoxy', -45, 'graphite_epoxy', -45, 'graphite_epoxy', 45, 'graphite_epoxy']
##################################
